0.20288430022943296
0.3418551294657489
0.4246695072653775
0.502676718015951
0.5456134600677374
0.45504206271167924
0.5085764230307003
0.5158964274008522
0.5636403365016934
0.5951054299136895
0.5954331913033978
0.6055937943843549
0.6234021632251721
0.613241560144215
0.6421938162351142
0.622091117666339
0.6713645799191522
0.6667759204632361
0.6899377253359554
0.6784660766961652
0.6974762372992461
0.6944171309953021
0.6901562329290943
0.7145198295640773
0.711897738446411
0.7125532612258276
0.7121162460395499
0.7138643067846607
0.6944171309953021
0.7128810226155359
0.7132087840052442
0.7282858079318256
0.738774172402491
0.7353873047088386
0.7278487927455479
0.7393204413853381
0.7366983502676718
0.7320004370151862
0.7397574565716158
0.741833278706435
0.7375723806402272
0.7519938817873921
0.74664044575549
0.762591500054627
0.7541789577187807
0.76007866273353
0.766415382934557
0.7645580683928767
0.7711132961870425
0.7691467278487928
0.7731891183218617
0.7684912050693762
0.775046432863542
0.7719873265595979
0.774281656287556
0.7764667322189446
0.7825849448268327
0.7786518081503332
0.7805091226920136
0.7810553916748607
0.7748279252704031
0.7739538948978477
0.7808368840817218
0.7773407625915001
0.7767944936086529
0.7764667322189446
0.7816016606577079
0.7745001638806949
0.7845515131650825
0.7767944936086529
0.7842237517753742
0.7772315087949306
0.7649950835791544
0.7762482246258058
0.7636840380203213
0.7657598601551404
0.7540697039222113
0.7599694089369605
0.7660876215448487
0.745875669179504
0.744346116027532
0.3273243745220146
0.4284933901453076
0.46651371135146946
0.5012564186605485
0.5176444881459631
0.5276958374303508
0.5386212170872938
0.5526057030481809
0.5640773516879711
0.5830875122910522
0.5812301977493718
0.5858188572052879
0.5951054299136895
0.6011143887250082
0.6070140937397575
0.6117120069922429
0.613241560144215
0.6228558942423249
0.6219818638697695
