0.04586262395834383
0.03460161341847741
0.030038017464976068
0.026331142510896847
0.026830546754078307
0.02365741890713802
0.040134311907541215
0.03564983343903542
0.027064860602955758
0.025033146673690346
0.024578233657606856
0.02211557948890832
0.0212937820078857
0.026182997595296197
0.021430455195635807
0.020620766440649627
0.019705903584821934
0.018930136682061723
0.01987456356542665
0.018760674790086793
0.018398117276080955
0.01848461759373046
0.018435961448936583
0.017736399810613472
0.01789602881166618
0.01770024932005178
0.017231007792298993
0.016983510869182056
0.016912378197378973
0.01654169804135867
0.018019743220579244
0.016793411012218387
0.016515538599482522
0.016904456588357937
0.01649662404584973
0.01638581166563823
0.016132595831963595
0.016154042437288404
0.015718537133390963
0.01581066182620093
0.015975568133808155
0.01583054169603844
0.01570300921499827
0.015805557283901404
0.015532504071816387
0.015535000027508914
0.015235655375234445
0.015156212490425206
0.014982753518655837
0.01510928723768603
0.014899073321871662
0.015036284550739536
0.015229174097834891
0.015103078835664077
0.015022653836859102
0.014629490343870314
0.01466400387958319
0.014623147338111063
0.01458437722080668
0.014984940552625527
0.015008144166109329
0.01457516385546984
0.014484579245614105
0.01454996746198266
0.014448780492786552
0.01418852601939051
0.01466551398001485
0.01457463321588892
0.014214582155991497
0.014285080181266863
0.014139956312076415
0.014557151361774072
0.014466712395180825
0.014725749749935716
0.014078902593274253
0.014770522611096662
0.014668114176476886
0.014476971812916625
0.014042645541929286
0.013964898945346733
0.014484911958441687
0.014042620943841108
0.013822981318293875
0.014069287181486657
0.014153762711672969
0.013684151574828392
0.013815241460134381
0.013719072026998012
0.013649060005153396
0.01380474671052347
0.01396550675578343
0.014093772786491675
0.014589794063964047
0.01363456344312753
0.014190671285175826
0.015068082435397024
0.013764892616363662
0.013544422680467096
0.014036656370270283
0.014161602351690374
0.013726233394109758
0.013726735133284963
0.0135172626678636
0.013375783173696443
0.013509401177938005
0.013317946254666563
0.013773791460239156
0.013926813690490206
0.013541847395383113
0.01338333144456744
0.0135963062893025
0.013846240085447393
0.01378854576856025
0.013668190820170506
0.013479231550799527
0.013249829416390678
0.01336449643542672
0.013885074627929523
0.013777697820891634
0.013328739546022038
0.013439884853144233
0.013393168148285416
0.013247889370836484
0.013284774247760834
0.013486510057417042
0.013356308152264833
0.013717967760858544
0.013382913093612218
0.013828176692067946
0.013966395928405692
0.01377026052226161
0.013820052973939905
0.013418647728955617
0.013397395464288567
0.013299027873585945
0.013352622813140709
0.01333421233975925
0.013314650244143938
0.014025222808431957
0.013322195941133602
0.013443024200415281
0.013462436091088473
0.01341006766378352
0.013452109618534302
0.013646983584588724
0.01340347560203806
0.013427940233690242
0.013319972110306787
0.013374433911499471
0.013536315491508685
0.013450672349603687
0.013306168945562993
0.01338488783691016
0.014161275180196496
0.013630538745798023
0.013312067488536253
0.01334844168536483
0.01331245540061779
0.013271999302720367
0.013352222238409575
0.013509866677645477
0.013306743540354118
0.013394198124508096
0.013405379752448305
0.013566780296112297
0.013561633432105527
0.013751203585593124
0.01360848851768121
0.013666137048459166
0.014125449571741822
0.013695800697088477
0.013672018593599872
0.01364103399846354
0.013551562727002333
0.013560049857414741
0.013554487139054557
0.013544838441260901
0.013538695662630903
0.01348094991370132
0.013700778414275
0.0133309297401596
0.013717175409153851
0.01329110020755953
0.0133167339598144
0.013319455719666182
0.013609535776434421
0.013269210710273366
0.013263985584645172
0.013263018948125616
0.013140126835893872
0.0131508353566467
0.013162883776570232
0.013411459565410115
0.013142408821776577
0.01313476856705544
0.013306160272958565
0.013142301950075486
0.01320328710542329
0.013185583884489675
0.013191245363590353
