0.019354857225297308
0.012640755634621383
0.01045042067581481
0.010395455813350076
0.008081834581591504
0.009466074332815719
0.008026149636874846
0.0070585616794245415
0.008169339709254937
0.007642498084779892
0.006659317007767676
0.007169758830228542
0.006438232173305481
0.006726667626274785
0.006368037958698946
0.006063408786252771
0.0072489922393913445
0.005889150748449463
0.005800729590874417
0.005487493859471995
0.005889833652083362
0.005736964988406538
0.006201438852732665
0.005422981283761716
0.005270451913622633
0.005108938034703165
0.004559542693657491
0.005410005966147719
0.004776211251180726
0.004865268300049262
0.0045256483802992
0.004342637213292837
0.00424684218337548
0.004374651330174606
0.004345252704376225
0.004510188640384653
0.004487724886914528
0.0042840691267785535
0.0040196962363473875
0.004127142605065849
0.0044217615058819775
0.004039145140787946
0.0042905640855885295
0.004200185555487879
0.0038866697216059635
0.0039049188436539274
0.0036754641140833984
0.004009267395074655
0.0036825906436130447
0.004369521186827843
0.003869419896885315
0.0035791006636921524
0.003547009336630375
0.003750346835910455
0.003409589619464355
0.003517139631761948
0.003380135057092002
0.0034463549802258983
0.003482319717778571
0.0035848480186768217
0.003309164048686756
0.003423038228635549
0.003345038493875865
0.003388802620061033
0.003342290020670026
0.003218066207291591
0.0031917760998404145
0.0030185947181143487
0.0030651363267856155
0.003182557994980145
0.003129277001876646
0.0029607544515339135
0.003077787418662297
0.0031059979268143164
0.0029798863198165462
0.003025589929906161
0.002939353649569984
0.0030576006557799453
0.0028834153489744013
0.003184594711872549
0.002908652693001095
0.002870457100839314
0.0028510359458462694
0.002862957970002564
0.0028766523660176914
0.0028619562413486244
0.003016024669348728
0.0028680991316156483
0.002791245475238753
0.0027660975442023268
0.002743108675377737
0.002747904371778395
0.0028740111321845295
0.002754778886573779
0.002719188284212224
0.002728795638241173
0.0026674947827628795
0.0026575449048043326
0.002663246583574
0.002629105233577537
0.002703363220908834
0.002697009456724659
0.0026373840101531045
0.002622188440602091
0.0026083938723238803
0.0025939587388228804
0.002644046141239743
0.002604180250775618
0.0025893913361622104
0.0025908284429365398
0.0025782964037486854
0.002652338490881903
0.0025657138608273585
0.0025531346888369995
0.0025716870169904924
0.002607901999488477
0.00253541361439167
0.0025940534059682068
0.0025412920953786717
0.0025326485937093345
0.0025150091564260187
0.002532194162500865
0.0025358730698733663
0.002530624372751621
0.0025190612844815637
0.002503503535602395
0.0024997724651310586
0.0024889253864902525
0.002476890981237511
0.0024759752093155537
0.0024870773011929454
0.00248963271080243
0.0025475720203138046
0.0024854804416031763
0.002485244839829404
0.0024840037409458093
0.002477245811373999
0.002478345770843586
0.002471708460971693
0.0024741458639048783
0.00246589685351307
0.0024710314238418373
0.0024606068559619365
0.0024503752372394
0.0024584707718947863
0.0024555395667249704
0.0024435888966824033
0.002454556870078244
0.0024460916774062835
0.0024384788966056825
0.0024490585202831556
0.002451180987114278
0.002439093421938862
0.002430693774700679
0.0024476370836197287
0.002431848438015462
0.0024337315175514663
0.002437160378741113
0.002430384835603262
0.002424672098413242
0.002424545626263193
0.002441063267310589
0.0024273227634246186
0.002417627108672082
0.002417732937634393
0.0024236141049261205
0.0024234675156061493
0.0024185030186828402
0.002417480689002895
0.0024175345907713067
0.002417319448480578
0.002415872232928748
0.002414033336881613
0.00241348934612066
0.0024109776170707976
0.002413998822483596
0.00241309739257794
0.002411032288792769
0.002410479031485131
0.0024090958596062898
0.002411623145331915
0.002411194209925925
0.0024091609543110603
0.002411622800007242
0.0024079568794524693
0.002406943236093449
0.002409783437169488
0.002407314770307158
0.0024068047337954786
0.002406368139007926
0.002409793565020154
0.002407030807017509
0.002404642774470249
0.002403486535109718
0.002407046367708675
0.0024070953887545235
0.0024008997370935908
0.0024045713012975298
0.0024019675020643463
0.00239954095075825
