0.018942591091013122
0.012932193934580156
0.01060388987516014
0.01015952667981844
0.008351734628320158
0.009721274783559258
0.00845772275318196
0.007233072964690889
0.0080930698483307
0.007247113267612792
0.0068136257837481074
0.006812225259304432
0.0062773541937103106
0.006740398506243189
0.006169022763877248
0.005894022749556714
0.0070238571159282615
0.006080066172365422
0.006479994743476175
0.005863662294158072
0.005581029757307212
0.00592228825267066
0.005900927022505051
0.005375527694712941
0.005329775865654263
0.005159098386957266
0.0048094642143049066
0.004749542963019731
0.0048276787516852975
0.005020099006165587
0.004686759359686884
0.004310444206184083
0.004637269029653288
0.004409282138745311
0.004048017543527001
0.004410362197876747
0.00446167124856421
0.004352157310603026
0.004074251120124535
0.004071879309806114
0.004572561068439766
0.00396657358263741
0.004204143572531438
0.0047576457615394665
0.0039000058513033327
0.0039547787654499456
0.003762151691605864
0.004107650430640645
0.003691185750639429
0.004730719897310807
0.0038763696342361356
0.0037885994217010948
0.003692014156422889
0.003607478003815415
0.0034649320663515367
0.0035649694159036694
0.0034500204871941434
0.0035119945551307656
0.0035780722044992564
0.00357158578645184
0.0034300679989948133
0.0036052862040214673
0.0033885106380112376
0.0033443476497821813
0.003609725445051201
0.003222999067857111
0.0032257605108152146
0.0032340741681943395
0.003173879108574152
0.0032650494681507134
0.003272849651833038
0.0030724582799648344
0.0031517567266129125
0.0031282551630797393
0.0030420670083545027
0.003064241715034556
0.003063816315191064
0.003044731445194929
0.0030215484065304094
0.003003908738361411
0.0031079037355400104
0.0029565555464382987
0.0029240955270644115
0.002989669347734536
0.003001852803749397
0.0029966303081372394
0.0030706896695349294
0.0028952799819769227
0.0029334292173128634
0.0028829292342271553
0.0028404400326819536
0.0028421448664631816
0.0029526507796639864
0.002841867291679989
0.0028487797158967773
0.0028008871067569316
0.0028403859431934434
0.002765266234278518
0.0027720243967437126
0.002808713599360879
0.002838301977051843
0.0027575470553322066
0.0027698135187654155
0.0027322950781724807
0.0027665563552118125
0.002726020970552702
0.002768825232677465
0.0027453636053404503
0.002683927400659532
0.002740354618753779
0.0027039451491990135
0.0027357197071271777
0.0026778438841516005
0.0027098628175094806
0.002690614427245874
0.002710876774069949
0.0026965750704088546
0.0026905973125936787
0.002696163269732076
0.002703596116300864
0.002655360105865826
0.002633086343204773
0.0026509850470404907
0.002665697096798562
0.0026457971591844743
0.0026164282614235222
0.0026221481831736784
0.002606169789692232
0.0026089319935692383
0.002600096432154341
0.002592766140990423
0.0026048849801334913
0.002631867742625185
0.0025937185293739614
0.0025988258592075687
0.0025836667384750533
0.0025952241409342106
0.0025648087267122702
0.0025778301511932594
0.002573356863559979
0.0025827010299953224
0.002573350336522113
0.0025578151491895515
0.002571424342364643
0.0025705419816086793
0.0025684775303265244
0.002551124732599076
0.002557192827951102
0.0025468412329970073
0.0025473860127846848
0.0025503443349760135
0.0025380723212517615
0.0025333468080755515
0.002535520630909471
0.002557213961018028
0.0025631132588589556
0.0025382575558157696
0.0025382286629822017
0.0025335738971945863
0.0025308597858014438
0.002531259404748831
0.00253084424016804
0.002528518450385443
0.002521997690602346
0.002521126181473471
0.002517249143065805
0.002523562130830706
0.0025224752445100166
0.0025289138611902994
0.0025244275696738264
0.0025185978959124545
0.0025239548543269856
0.002520513960981716
0.002520796725673516
0.002521068687926917
0.002522088372460018
0.002522383478493486
0.0025181550822692303
0.002515521207666243
0.00251316960988357
0.002512709371398254
0.0025087038431004416
0.0025099040059524866
0.002510538506912626
0.0025102314329699857
0.002507967161171779
0.0025085115976424847
0.0025080016675389895
0.0025066570977386004
0.0025059111884134346
0.0025050116427357194
0.00250551200212574
0.0025038852689401765
0.0025034488327610495
0.0025034806869544614
0.002504175209157456
0.0024997622890955543
0.00250248992336275
0.0025041873176057396
0.002501099146310289
