0.1984048945700863
0.40216322517207476
0.4776575986015514
0.5321752430896973
0.5304271823445865
0.5591609308423467
0.3036163006664482
0.3853381405003824
0.5205943406533377
0.520922102043046
0.5205943406533377
0.5755490003277614
0.5954331913033978
0.4830110346334535
0.5822134819184966
0.6014421501147165
0.6246039549874358
0.6426308314213919
0.6128045449579372
0.6390254561346007
0.6427400852179613
0.6394624713208784
0.6411012782694199
0.6547580028405987
0.6506063585709604
0.6480935212498634
0.6584726319239593
0.6673221894460832
0.6633890527695837
0.6727848792745548
0.646454714301322
0.6739866710368185
0.6806511526275538
0.671583087512291
0.670053534360319
0.6791215994755818
0.6750792090025128
0.6799956298481372
0.6939801158090244
0.6868786190320114
0.6880804107942751
0.6840380203212062
0.6889544411668306
0.6872063804217197
0.6884081721839834
0.6927783240467607
0.693870862012455
0.6968207145198295
0.6990057904512181
0.6928875778433301
0.6987872828580793
0.6988965366546488
0.6974762372992461
0.7017371353654539
0.7041407188899814
0.7091663935321753
0.710368185294439
0.7098219163115919
0.7068720638042172
0.70632579482137
0.7031574347208566
0.7105866928875778
0.714956844750355
0.7157216213263411
0.714956844750355
0.7195455042062712
0.7064350486179395
0.7094941549218835
0.7150660985469245
0.7164863979023272
0.718999235223424
0.7158308751229105
0.7155031137332022
0.7030481809242871
0.7194362504097017
0.7067628100076477
0.7094941549218835
0.7067628100076477
0.7188899814268546
0.7209658035616737
0.7113514694635639
0.7229323718999235
0.7233693870862012
0.7175789358680215
0.7185622200371463
0.7289413307112422
0.7262099857970065
0.7256637168141593
0.7309078990494919
0.725335955424451
0.7222768491205069
0.7241341636621873
0.709603408718453
0.7286135693215339
0.7170326668851743
0.7013001201791762
0.724571178848465
0.7309078990494919
0.717469682071452
0.7160493827160493
0.7341855129465749
0.7274117775592702
0.7342947667431443
0.7345132743362832
0.7336392439637277
0.7373538730470884
0.7363705888779635
0.7226046105102152
0.7310171528460614
0.7360428274882552
0.7306893914563531
0.726100732000437
0.7233693870862012
0.7271932699661313
0.7366983502676718
0.7374631268436578
0.7364798426745329
0.7218398339342292
0.7278487927455479
0.7342947667431443
0.7360428274882552
0.7349502895225609
0.7375723806402272
0.735715066098547
0.7313449142357696
0.7309078990494919
0.730143122473506
0.7307986452529225
0.7238064022724789
0.7208565497651044
0.7254452092210204
0.7258822244072981
0.7300338686769365
0.730143122473506
0.7370261116573801
0.7366983502676718
0.73320222877745
0.7353873047088386
0.7320004370151862
0.7349502895225609
0.7329837211843112
0.7336392439637277
0.732437452201464
0.7295968534906588
0.7298153610837976
0.7321096908117557
0.7289413307112422
0.7325467059980334
0.7328744673877418
0.7288320769146728
0.7287228231181033
0.7320004370151862
0.7322189446083252
0.73320222877745
0.7325467059980334
0.7323281984048946
0.7313449142357696
0.7317819294220475
0.7334207363705889
0.7342947667431443
0.7309078990494919
0.7334207363705889
0.731672675625478
0.729159838304381
0.7287228231181033
0.7282858079318256
0.7288320769146728
0.7283950617283951
0.7273025237627008
0.7258822244072981
0.7244619250518955
0.7244619250518955
0.7241341636621873
0.7259914782038676
0.7248989402381733
0.7258822244072981
0.7267562547798536
0.7246804326450345
0.7281765541352562
0.7304708838632142
0.7298153610837976
0.7314541680323391
0.7325467059980334
0.7333114825740195
0.7349502895225609
0.7352780509122692
0.7342947667431443
0.7337484977602972
0.7359335736916858
0.7365890964711024
0.7391019337921992
0.7377908882333661
0.7386649186059215
0.738774172402491
0.7371353654539495
0.7376816344367967
0.7374631268436578
0.7386649186059215
0.7381186496230744
0.7375723806402272
