0.039353013233996266
0.03329730390733961
0.029959036645081757
0.025870098958806785
0.023586201841005742
0.02282852325806211
0.02340473261841214
0.02194178448236016
0.021706800069832926
0.020695884449422313
0.019722182835618825
0.01878667203388969
0.018513971087217043
0.018758249311489863
0.017828263774616764
0.017827939866058788
0.01702641868388133
0.017341987950989655
0.01594156244779664
0.01726331704498757
0.01620543302938535
0.015964053705534907
0.015173861093303877
0.015144515355649469
0.014735597724356078
0.01517527049113711
0.014247423760111861
0.014090609657273427
0.013873919151909792
0.013778996089241172
0.01399677243593689
0.013827586788096011
0.014089685814583561
0.013851493596216636
0.013173115740792812
0.01379175170788827
0.013223559066439983
0.013117152454550942
0.013581843509265638
0.012970760738784193
0.012764318515782172
0.012917866120634868
0.013036537142571213
0.012307793089213767
0.012245586698621065
0.012177865752415307
0.012002280875136913
0.012112608390010032
0.012069245232925968
0.012098491317805729
0.0118917755548171
0.012093964273468804
0.011862696034392802
0.011796136068722127
0.011921178044794633
0.011682971913111505
0.011573376514788444
0.012046706968873468
0.011509553462650115
0.011392854242836415
0.011476923598756584
0.011470950273012419
0.011441307057313459
0.01146576757002799
0.011525164139045465
0.011132869222880972
0.011231354887404038
0.011190347846422016
0.011082609399066108
0.011203405395513231
0.01114753103852616
0.011006439743466056
0.011363309409518614
0.010980360137495489
0.010994856128090393
0.010960788654783548
0.010926278800709996
0.010997453941148082
0.011076054100415674
0.010824491590705906
0.010820442780434734
0.010814191958923282
0.011066048748862037
0.010858225308649268
0.010855368144080038
0.0108199820653423
0.010677103845344194
0.010661296312839987
0.010655697871853873
0.010712085646852618
0.010598472942867091
0.01060091918457483
0.010602981819164085
0.010601953625203638
0.010521081587772641
0.010545082340654124
0.010460747051769378
0.01062245879435844
0.010440062858387347
0.010441478931563912
0.01042934572658916
0.01044319827452678
0.011098706890269991
0.010748722824023537
0.010356125020619743
0.010478207863290154
0.01034936960153184
0.010353682539204483
0.01053948890742195
0.01043894288189018
0.010439104624528071
0.010442510701444883
0.010349208177093287
0.01034809467711892
0.010321612191157277
0.010337876189957157
0.010503944631848689
0.01026351008420562
0.010777510441314662
0.010275607340045047
0.010265058524541147
0.010290540356747013
0.01025791428303518
0.010256022430600644
0.010267188543213478
0.010244750159831369
0.010210232097135794
0.01022207241036925
0.01028408409532505
0.010218649790037736
0.010268837949376048
0.010214679344868277
0.01021076848073747
0.0101927303681668
0.010260332376985853
0.010198833046227247
0.010212755147569181
0.010179619096552467
0.010225546642638134
0.010189718885619328
0.010399343527094023
0.010162549038623885
0.010382697622749723
0.010229450512437706
0.010156782242843627
0.010221563159970134
0.010199997453211332
0.010275210544188583
0.010425703093534895
0.010192916456576996
0.010170310784542768
0.010124273719239093
0.010159963797861327
0.010192831373600234
0.010287174374421906
0.01013030808414512
0.010114567694371742
0.010104790205390521
0.010106239781657894
0.010288004391729721
0.01011339256858013
0.01012964121119046
0.010116031868583737
0.010339945307275994
0.010111301156703298
0.010108165923689376
0.010138079486596029
0.010147151045886257
0.010102409139906607
0.010113103933775638
0.010101473312505467
0.010183854287639415
0.010094164334555851
0.010115835074517267
0.01009354635598548
0.01012801694229211
0.010084761346733194
0.01021435737974537
0.010198782473773262
0.01009423476932323
0.010074886425618988
0.010072861504099476
0.010071662749647834
0.010082700212353711
0.010474294069151168
0.01007591414409922
0.010315533037538882
0.010134181125976994
0.010076520675735293
0.01023695892640623
0.010335893321269121
0.010060184794843097
0.01007245429894787
0.010197126137992795
0.010071800801710497
0.0100809825218194
0.0100545577905762
0.010055616053470854
0.010052024350956116
0.010057104535044334
