0.5322015629210456
0.652115332794395
0.730800323362975
0.7310697925087577
0.8162220425761251
0.7679870654810024
0.8280786849905686
0.8243061169496093
0.8323901913230936
0.838587981676098
0.8493667475074104
0.8515225006736729
0.8684990568579898
0.8585286984640259
0.8490972783616276
0.8631096739423336
0.8331985987604419
0.8302344381568311
0.8757747237941256
0.8698464025869038
0.8806251684182161
0.8803556992724333
0.8658043654001617
0.8714632174616006
0.8776610078146052
0.8854756130423067
0.8773915386688225
0.889248181083266
0.8949070331447049
0.8870924279170035
0.9027216383724064
0.9027216383724064
0.9029911075181891
0.8932902182700081
0.9024521692266235
0.8924818108326596
0.8965238480194018
0.9064942064133656
0.9145782807868499
0.9008353543519267
0.898949070331447
0.9156561573699812
0.9140393424952843
0.8924818108326596
0.9029911075181891
0.9064942064133656
0.9153866882241983
0.9086499595796281
0.9161950956615468
0.9167340339531124
0.9086499595796281
0.9143088116410671
0.918620317973592
0.9196981945567233
0.9205066019940716
0.9196981945567233
0.9232012934518997
0.9191592562651576
0.9272433306386418
0.9232012934518997
0.924279170035031
0.922931824306117
0.9161950956615468
0.9277822689302075
0.9280517380759903
0.9337105901374293
0.9258959849097278
0.9285906763675559
0.9318243061169497
0.9302074912422528
0.931285367825384
0.9337105901374293
0.9323632444085153
0.9366747507410401
0.9374831581783886
0.9361358124494745
0.9366747507410401
0.9337105901374293
0.9420641336566963
0.9358663433036917
0.938291565615737
0.9420641336566963
0.9374831581783886
0.938291565615737
0.9355968741579089
0.9407167879277822
0.9423336028024791
0.9442198868229588
0.9450282942603072
0.9431420102398276
0.946645109135004
0.9458367016976557
0.9428725410940447
0.9463756399892213
0.9458367016976557
0.94529776340609
0.947992454863918
0.9490703314470493
0.9447588251145244
0.9455672325518728
0.9485313931554837
0.9506871463217461
0.9498787388843978
0.950956615467529
0.9488008623012665
0.9496092697386149
0.9504176771759634
0.9477229857181353
0.9528428994880086
0.9514955537590946
0.9498787388843978
0.9517650229048774
0.9501482080301805
0.9517650229048774
0.9531123686337915
0.9493398005928321
0.9525734303422259
0.9501482080301805
0.953651306925357
0.9528428994880086
0.9555375909458367
0.9539207760711399
0.9531123686337915
0.9528428994880086
0.9560765292374023
0.9531123686337915
0.9541902452169226
0.953651306925357
0.9555375909458367
0.9539207760711399
0.9544597143627055
0.9544597143627055
0.9549986526542711
0.9547291835084882
0.9547291835084882
0.9555375909458367
0.9552681218000539
0.9560765292374023
0.9547291835084882
0.9555375909458367
0.957962813257882
0.9563459983831851
0.9552681218000539
0.9555375909458367
0.9541902452169226
0.9571544058205336
0.9568849366747507
0.9560765292374023
0.9568849366747507
0.9574238749663163
0.9568849366747507
0.957962813257882
0.9558070600916195
0.957962813257882
0.9574238749663163
0.9568849366747507
0.9582322824036648
0.9574238749663163
0.957962813257882
0.9568849366747507
0.9576933441120992
0.957962813257882
0.9593101589867961
0.9587712206952304
0.9574238749663163
0.9603880355699272
0.9574238749663163
0.9598490972783617
0.9587712206952304
0.9585017515494476
0.957962813257882
0.9576933441120992
0.9587712206952304
0.9582322824036648
0.9595796281325788
0.9587712206952304
0.9595796281325788
0.9590406898410132
0.9585017515494476
0.9585017515494476
0.9582322824036648
0.9595796281325788
0.9582322824036648
0.9595796281325788
0.9595796281325788
0.9595796281325788
0.9585017515494476
0.9595796281325788
0.9590406898410132
0.9582322824036648
0.9590406898410132
0.9593101589867961
0.9595796281325788
0.9587712206952304
0.9590406898410132
0.9590406898410132
0.9595796281325788
0.9590406898410132
0.9595796281325788
0.9595796281325788
