0.4006336720201027
0.4630175898612477
0.5403692778324046
0.5809024363596635
0.5813394515459412
0.61804872719327
0.6077788703157435
0.6429585928111002
0.6755162241887905
0.6742051786299574
0.6933245930296078
0.6411012782694199
0.7011908663826067
0.6881896645908445
0.7010816125860374
0.7188899814268546
0.7208565497651044
0.6975854910958156
0.7216213263410903
0.7069813176007866
0.729159838304381
0.7396482027750464
0.7518846279908227
0.7562547798535999
0.7542882115153502
0.7483885065006008
0.7427073090789905
0.7597509013438217
0.7661968753414181
0.7686004588659456
0.7648858297825849
0.7779962853709166
0.780618376488583
0.7785425543537637
0.7834589751993882
0.7847700207582213
0.7854255435376379
0.7926362941112204
0.7906697257729706
0.7941658472631924
0.7924177865180815
0.7855347973342074
0.7946028624494701
0.8043264503441495
0.7974434611602753
0.7947121162460395
0.7965694307877199
0.8042171965475801
0.8001748060745111
0.804981973123566
0.809789140172621
0.8002840598710805
0.8084780946137878
0.7990822681088168
0.8088058560034961
0.8125204850868568
0.8144870534251065
0.8103354091554682
0.8133945154594122
0.8163443679667869
0.8187479514913143
0.8182016825084671
0.8169998907462034
0.8140500382388288
0.8189664590844532
0.8163443679667869
0.8198404894570086
0.8192942204741614
0.823227357150661
0.8164536217633562
0.8226810881678138
0.8192942204741614
0.8209330274227029
0.825521686878619
0.8241013875232164
0.823227357150661
0.8231181033540915
0.8260679558614662
0.8271604938271605
0.827051240030591
0.8294548235551186
0.82726974762373
0.827051240030591
0.8281437779962854
0.8266142248443134
0.8285807931825631
0.8277067628100077
0.8282530317928548
0.8263957172511744
0.827051240030591
0.8294548235551186
0.8293455697585491
0.8301103463345352
0.8305473615208129
0.8300010925379657
0.8320769146727849
0.830328853927674
0.8321861684693543
0.8308751229105211
0.8327324374522015
