0.27805091226920137
0.3793291816890637
0.43974653119195894
0.5263847918715175
0.5527149568447504
0.5580683928766524
0.540697039222113
0.5662624276193597
0.580028405987108
0.5984922976073419
0.6130230525510761
0.63531082705124
0.6432863542008085
0.6491860592155577
0.6628427837867366
0.6521359117229324
0.6701627881568885
0.6695072653774718
0.7002075822134819
0.662952037583306
0.6766087621544848
0.6972577297061073
0.7052332568556757
0.7053425106522452
0.7143013219709385
0.7168141592920354
0.730143122473506
0.7257729706107288
0.7333114825740195
0.7352780509122692
0.7286135693215339
0.7341855129465749
0.7318911832186168
0.7350595433191304
0.7433628318584071
0.7278487927455479
0.7454386539932263
0.7431443242652682
0.7322189446083252
0.7456571615863651
0.7506828362285589
0.7580028405987108
0.7416147711132962
0.7595323937506828
0.7618267234786409
0.7670709057139735
0.7651043373757238
0.7647765759860156
0.7602971703266689
0.7627007538511963
0.7668523981208347
0.7673986671036819
0.7695837430350705
0.7748279252704031
0.766415382934557
0.768709712662515
0.7716595651698896
0.7700207582213482
0.7743909100841254
0.7772315087949306
0.779088823336611
0.775046432863542
0.775046432863542
0.7795258385228887
0.7816016606577079
0.7828034524199716
0.7805091226920136
0.7854255435376379
0.7833497214028188
0.7835682289959576
0.7809461378782913
0.7825849448268327
0.7825849448268327
0.7820386758439856
0.7862995739101933
0.7858625587239156
0.785207035944499
0.7854255435376379
0.7866273352999017
0.7887031574347209
0.7848792745547908
0.7888124112312903
0.7808368840817218
0.7897956954004152
0.7882661422484432
0.7897956954004152
0.7914345023489566
0.7926362941112204
0.7890309188244291
0.7896864416038457
0.7893586802141375
0.7905604719764012
0.7927455479077898
0.7900142029935541
0.7918715175352343
0.7916530099420955
0.7936195782803452
0.7904512181798318
0.7966786845842893
0.7944936086529006
0.7943843548563313
0.7931825630940675
0.7938380858734841
0.7928548017043592
0.7942751010597618
0.7939473396700535
0.7953676390254562
0.796350923194581
0.794821370042609
0.7972249535671364
0.7971156997705671
0.7952583852288867
0.7959139080083033
0.7947121162460395
0.7959139080083033
0.7967879383808587
0.7972249535671364
0.7980989839396919
0.7997377908882334
0.7976619687534142
0.7980989839396919
0.7987545067191085
0.7977712225499836
0.7983174915328307
0.7987545067191085
0.7976619687534142
0.7997377908882334
0.7990822681088168
0.7988637605156779
0.797880476346553
0.7983174915328307
0.7983174915328307
0.7987545067191085
0.7973342073637059
0.8001748060745111
0.7998470446848028
0.7991915219053862
0.799410029498525
0.7995192832950945
0.8007210750573582
0.8010488364470665
0.7979897301431225
0.7996285370916639
0.8012673440402054
0.7986452529225391
0.7988637605156779
0.7998470446848028
0.7996285370916639
0.8005025674642193
0.8022506282093302
0.8009395826504971
0.8002840598710805
0.8017043592264831
0.8010488364470665
0.8009395826504971
0.8023598820058997
0.8006118212607888
0.8010488364470665
0.8014858516333443
0.8010488364470665
0.8012673440402054
0.8015951054299136
0.8020321206161914
0.8017043592264831
0.8018136130230525
0.8007210750573582
0.80039331366765
0.8014858516333443
0.8002840598710805
0.8011580902436359
0.8012673440402054
0.8009395826504971
0.8013765978367748
0.8007210750573582
0.8002840598710805
0.801922866819622
0.8013765978367748
0.801922866819622
0.8018136130230525
0.8013765978367748
0.801922866819622
0.8020321206161914
0.8022506282093302
0.8015951054299136
0.801922866819622
0.8010488364470665
0.8012673440402054
0.8022506282093302
0.8024691358024691
0.8017043592264831
0.801922866819622
0.8015951054299136
0.8021413744127608
0.8017043592264831
0.802687643395608
0.801922866819622
0.8017043592264831
0.8012673440402054
0.8022506282093302
0.8020321206161914
