0.01875183264928441
0.014341264441147611
0.010932268727921116
0.010663368259598
0.008140244057672552
0.00938400355544382
0.007643319780824641
0.007640571743290047
0.00703118134383338
0.007187751353959515
0.00641802845538321
0.006682185463685612
0.006052726934425788
0.006450262188718699
0.006246863382262896
0.006015316527251509
0.006988685412472453
0.006945808451473151
0.005516177410226214
0.005613973425970795
0.005232456622821435
0.005102269636576017
0.0056560598384077995
0.0054779513220811465
0.005287466779034017
0.004981452657893095
0.0050184439453144535
0.004708033375295466
0.004381696788714087
0.004687557212267562
0.004197208913019551
0.004311793447906069
0.004102919972495421
0.004483587463664674
0.00412667524827455
0.004417491461895958
0.0043118295905500755
0.004025565111486136
0.003803001014539348
0.004180827810737971
0.004148398388736301
0.0036753661462766594
0.0038491710197312012
0.004344247998300828
0.0040380521078888405
0.003988413304307332
0.003621422282385717
0.0037651748966894454
0.0035346952956887595
0.0034302429380650727
0.003926574284418096
0.0035619395131275874
0.0034248874181687303
0.0033963441917016736
0.0033325595543796374
0.003313987162260314
0.0033586812056289853
0.0032515308062556745
0.0032258293027024616
0.0032215311187709706
0.003056792252727417
0.003079280201009392
0.0032495492850953566
0.003039029623878449
0.0031360912474780287
0.0029450658135612004
0.0029822100055278775
0.002916167862361989
0.0028548723333160116
0.002977362076762679
0.0028810557856356733
0.002835800049601138
0.0027899975702467715
0.00277704529301621
0.0028142293117593095
0.002739906098218788
0.002768289505616252
0.0027845496197846727
0.0025968555189374
0.0027173387694313855
0.0026101909931202007
0.0024961209347774257
0.002640292231155129
0.002608608848979228
0.0026680577493154015
0.0025202932513344804
0.0025575206675512775
0.0024225874647108635
0.0024349126694771647
0.0024032258882624733
0.002346143321234786
0.00237455209895338
0.0024642176279656104
0.0023346138579509418
0.0023794872171793366
0.0023570229246413343
0.002350547381309575
0.0022834507731921074
0.002309272253980729
0.002312427410231996
0.002300874503016697
0.002261434593625674
0.002286297721149336
0.0022246719543036345
0.002215239559421961
0.002209760695374645
0.002176097365072621
0.0022796297135201466
0.0021713114562172094
0.002169646667048026
0.0021732700152944534
0.0022008319424750896
0.0022189117329633324
0.002145305500779631
0.002161470787186598
0.002171162018972534
0.0021208258783904023
0.0021893147904173895
0.002107882858671868
0.002098948233245165
0.0020889957693669713
0.002079773608949492
0.002095876368502021
0.002059218295297993
0.0020486983927119873
0.0020917165292639256
0.0020615373873880886
0.002045005930844133
0.0020561046081230476
0.0020419290262680754
0.0020248438601816994
0.002052257357983858
0.0020337172256136675
0.0020414899037842224
0.0020298196705034626
0.0020220626413629435
0.0020160082505819646
0.0020240714963765455
0.002035475262483154
0.002024962036508783
0.0020423871797552906
0.001997591378039281
0.0020368202579162794
0.002019917691285576
0.0020157634675888256
0.001999268445307532
0.00198674241115513
0.0019931685730586054
0.0019828986032203147
0.0019845540887003348
0.001989549366700556
0.001976524126582697
0.001988760407234067
0.001974893235447143
0.0019881133812275644
0.0019842965628252105
0.0019735318902961265
0.0019649867268544713
0.0019550634770420998
0.001959713552838803
0.0019546042373883247
0.0019467018155179812
0.0019393232140345767
0.0019430783548402646
0.0019375396171161603
0.0019314137953241955
0.0019438281490680054
0.0019328377817686405
0.0019362473941193022
0.0019452330673666086
0.001940646492159614
0.0019400728898079239
0.0019392902686553514
0.0019337329506568914
0.001925658704665304
0.0019214334946634699
0.0019277669619884301
0.0019193875503745628
0.0019205093094680035
0.0019265943839523677
0.0019340327918545572
0.001919933587987286
0.001925102650629353
0.0019206953897763057
0.0019221948783486335
0.0019181988685640547
0.001918842501554872
0.0019177661948177058
0.0019197546305022963
0.0019177780492917382
0.0019167315940656485
0.0019219112232411785
0.001917222787294064
0.0019142944410913108
0.0019160976914005825
0.0019133744951577497
0.001912641730254887
0.001910233023902439
0.0019092741732294107
0.0019082187867428021
