0.04118781516711646
0.03541659025967245
0.027306270986180037
0.025385743618584533
0.024081477920409697
0.02281862027160876
0.021414808665229157
0.02057221386324027
0.01908874003128915
0.01808603036134058
0.017173481409365813
0.017121044943620146
0.017649185272640026
0.016009756695126283
0.015705048992349112
0.015236492900917156
0.014829651691816445
0.01468607693777102
0.01409058352448205
0.013638341998605927
0.01311150112424498
0.013321908607413101
0.013135497620571224
0.013655786558303575
0.013468829488592774
0.013020122080461764
0.012023310954096955
0.012274331995324204
0.012048589873671902
0.011930286337297027
0.011946555139535792
0.011896403128496743
0.011614776645529326
0.011443352137291274
0.01173987892837612
0.011254532990606185
0.010853182679650382
0.011039894255317522
0.010921876029760918
0.010842017455790246
0.010644836274962549
0.010470847521979704
0.010302269008138017
0.010642493984340567
0.010301238299184353
0.010132448662894157
0.010121805982668907
0.009945898577485445
0.010115282481242617
0.010042384779675988
0.009885556918538282
0.009950900295484552
0.009790031135401335
0.009876505001487778
0.009758938626555844
0.0096820606775301
0.009768677778126086
0.009923571216850727
0.00970152411303619
0.009712019696543546
0.010008650934137464
0.009517810756061215
0.00938062875808477
0.009327804070020209
0.009531337674635949
0.009268071978232593
0.009224768080884455
0.010173955358183086
0.009193987366637056
0.009091229546653578
0.009223063764032426
0.009211904681160009
0.009020187046600056
0.0090426849278652
0.009034741920199561
0.009059087786118176
0.009140937377569599
0.0088972438232216
0.008898637867307293
0.008834519817522448
0.009014529668020183
0.008987603816753734
0.008834357592078306
0.008850782757201092
0.008866523785967782
0.0088475941990253
0.008799330228718854
0.008709183043209022
0.008692630223681
0.00867813780674267
0.008660999236572044
0.008741737958656352
0.00879364613820904
0.00861204434858028
0.008656107220547611
0.008665385893442769
0.008615006644986541
0.008610252548876275
0.008607641609313774
0.008574164016493567
0.008659536618685236
0.008537405553794513
0.008650855110679626
0.00864299631347998
0.008560873355602914
0.008514786813736587
0.008841372465522097
0.008613169471657264
0.008501942758822356
0.008510579600381575
0.008505543143633257
0.008443299089574193
0.008517253288841894
0.008415286255461936
0.008517666578318895
0.008433755731811866
0.008426538719142914
0.008411580071343265
0.00840531841635144
0.00840114361990036
0.008497500835084451
0.00841943685713849
0.008556227706552632
0.008344119467571994
0.008326204002746435
0.008313875232495455
0.00835341231902154
0.008330231181822174
0.008303592053773064
0.00834102900799514
0.008269829080899712
0.008417526320865164
0.008313590589669394
0.008300244217636962
0.00826246456418007
0.008322127989624466
0.008321038503588504
0.008257365117343438
0.008320882579452755
0.008238724988902992
0.008303166093506422
0.008613627103199975
0.008221536044079814
0.008221313078353266
0.008382240553495077
0.008226722086516544
0.008228994708412709
0.008238814419525562
0.008213331657408911
0.008246258326101912
0.008203247432147193
0.008220626431404665
0.008310795694794744
0.009363612880683865
0.008355898817002572
0.008237370573847876
0.008199548950918628
0.00819716992545965
0.008195417902640868
0.00822654302024091
0.008433519734081305
0.008213934243159542
0.00819892525195906
0.00819827969818184
0.008388318423428822
0.008179073856249795
0.008213532243831997
0.008184587857875748
0.00827921915741992
0.008347979552313681
0.00816561648482172
0.008169862624157273
0.008217203210745042
0.008203770404081845
0.008175017573667929
0.008158233808793615
0.008153837213848747
0.008175675005801686
0.008164917835527207
0.008644361662289022
0.008167244465483905
0.008230069003234882
0.008164203468377257
0.008150311018716055
0.008376871785426758
0.008180434799814281
0.00815901479710119
0.008249447819288736
0.008198379320901925
0.00815200835970457
0.008145776537611168
0.008155868747586515
0.008318558769982512
0.00815792222462833
0.008146805207274408
0.008215836663721793
0.008148163580366201
0.008152479025235427
0.008152210211840618
0.008161168606941861
