0.03568916725751599
0.02843291934782705
0.025537095284261405
0.021961366727835857
0.02204790338466861
0.01951291799336903
0.020283930580772026
0.018826060199768808
0.016978969277546833
0.01697087948874256
0.01575412793968377
0.017890480054241445
0.01515951695560263
0.015589500331857823
0.015441716539256432
0.014195051149435738
0.01432232414338179
0.014736535563034451
0.014539417088207593
0.014769307123719962
0.013682163290465371
0.0132588151894045
0.013023591127523786
0.012630054965496428
0.012947721857979273
0.012898384376189806
0.013164897942092397
0.012294548744062876
0.011909094767633402
0.01152465433634449
0.011846191656077662
0.01115025184648904
0.010998760948265329
0.01121573930136769
0.010987064966501127
0.010994784358966602
0.010811609325416228
0.010700254613267233
0.010675108209407019
0.010302807518936214
0.010455641176359883
0.010720444939429025
0.010339508486565093
0.010557090472252945
0.010382632577300762
0.010183655016151111
0.010227730163365626
0.009895384865198894
0.010011915666548056
0.00974379261874422
0.009523736834940982
0.009936968996607221
0.009631145382266441
0.009994748201211866
0.00948712523584221
0.009507223179037422
0.00931319845584941
0.009427818243104773
0.00964296910263444
0.009265223811665975
0.009135014303561756
0.009139511746024832
0.009069046162455088
0.009302304776985093
0.009081092645506461
0.0091603676859022
0.008983274815343813
0.00917992588732134
0.00895867193516778
0.009554850329704706
0.00902050605930423
0.00900955512239918
0.009023953916227557
0.008732211372827689
0.00903533369963721
0.008867358009947639
0.008825807911546866
0.009129968468874358
0.008723904140514193
0.008626338218608528
0.008870166282269339
0.008654915931888269
0.008674428857375361
0.008620802525137469
0.008658080244668648
0.008813265277611861
0.00866070784376864
0.008597424697657173
0.008602349790692082
0.008644312421545935
0.008547188043203638
0.008507332485464248
0.00848180057897498
0.008437738091154045
0.008418914216268255
0.008619170898455004
0.008522614069900838
0.00840781742232127
0.008366404580090537
0.008401153803093113
