0.0259870775174465
0.019381850981962902
0.014645905210078164
0.011152255168920962
0.010995057595447529
0.010202128678054315
0.009470980047248053
0.008771239819792652
0.008723940201378743
0.007961232204123734
0.007251853700019509
0.007617866561696138
0.008119177172621509
0.0073951498031359225
0.006959190629814167
0.007496158828056909
0.0067700690109753535
0.006623501354104199
0.006243360561362112
0.0058420611838066044
0.006217837052600977
0.0059361023759623485
0.006149777775663984
0.006040296960763615
0.00592289932877251
0.005944114779725739
0.005634758405626318
0.005652780779864517
0.006195072663887207
0.006399417499331765
0.00575986741463536
0.005769008198892033
0.005691503011226269
0.005373128752315247
0.005504954731775981
0.006127206427458
0.0054193189188464575
0.00541278580166008
0.005375559926354252
0.005517898130950116
0.005137188853487689
0.005109558936496591
0.005223793976713595
0.004928230428207406
0.005693774079094355
0.0050444208533254415
0.005242931095135884
0.004891779252667531
0.005003740623035189
0.004942816902254187
0.005164976535669654
0.004851546667554378
0.0051633595167482295
0.00487810970396727
0.004932052413429799
0.004770962014991105
0.004777141648204909
0.004694827190068044
0.004798653761160339
0.004751420529407171
0.004599731016981412
0.004534862736780603
0.004728661324578904
0.004493390849676778
0.004687359698600635
0.004292566844216256
0.004393814135131024
0.0042790759468264924
0.004487070175426342
0.004345516038532046
0.004447748195415107
0.00421684767977628
0.004129760166089575
0.004240384917155137
0.004134475201071192
0.00408351580366167
0.004098642176773567
0.004245201216589502
0.0040755828044961254
0.004240843255350899
0.00409709136181204
0.0041603241361751935
0.004116344892795566
0.00414926186705882
0.003985648649026685
0.004163252005548819
0.004054573891828466
0.003972591820735875
0.003927029944339938
0.003980776670004151
0.00400078166562314
0.003896444060191476
0.0038689351373366416
0.003876994579540562
0.0038230608043501044
0.0038208496302358226
0.0038820132030948605
0.003865084921822205
0.0038454892242799645
0.0038653222080576102
0.0039858911713478344
0.003817595483253857
0.0038385585621019415
0.003783904558097343
0.0037323320286995446
0.0037908472002307477
0.0037481200880549468
0.0037006096328663653
0.003764753717034694
0.0037259764686262986
0.0037024800297514315
0.0036626553574009295
0.0037356612014821907
0.00374325982999429
0.0036657656907103705
0.0036088004648059053
0.003626130334581207
0.003671021381660601
0.003687776265777818
0.003665281479264231
0.0036231534873273166
0.0035874698018969887
0.0036072386175241473
0.003605066406874604
0.0035942895967855638
0.0036114451016932606
0.003604145751218531
0.0035906272278549024
0.003593936913885925
0.0036295711074643814
0.0035935209181166762
0.003591198139886463
0.0035479893499839278
0.0035897878439591535
0.0035816838608954803
0.0036331714103081192
0.003584774424367374
0.0035504820138995007
0.003555717661964768
0.0035329278416949697
0.0035336000121561737
0.0035427568279100346
0.003534250625925416
0.003537484440913389
0.0035307290049069527
0.003534541467600709
0.0035196645895575807
0.0035357070708814512
0.0035076960017821823
0.0035256270597290073
0.0035457484879862487
0.003521359748224851
0.0035216558540937105
0.0035439772896289955
0.003513715707510509
0.00351868478098959
0.003516449143031446
0.0034963742954587716
0.0035276692255235237
0.0034996930342162595
0.0035139451617020156
0.00349756814509317
0.0034979765758428316
0.0035008404296512905
0.0035165511463183786
0.0035021120014296038
0.003491595983746173
0.003518039256743876
0.0034960869090379138
0.0035089750261487937
0.00349918524633036
0.003494275767457546
0.0035024378815130285
0.0035083593865412326
0.0034997213809549953
0.0035073891687637327
0.0034968271044443573
0.0034878459625795376
0.003491651707503777
0.0034981359572334773
0.003487820145544804
0.0034886088189138168
0.0034767023434024782
0.003479043716964809
0.0034763481768113652
0.0034709933957492076
0.0034810398823005174
0.003482746363400899
0.0034854165292178096
0.003477490669439116
0.003483426423125497
0.003480578440198099
0.0034752158130381314
0.0034727561778213996
0.003474882245465322
0.0034789374473119996
0.003479442554916278
0.0034734411714726528
0.003477571517574405
