0.025460258547876185
0.0195351478000498
0.015097457262037643
0.01192263444136237
0.009693881968095019
0.009351802816676245
0.009210587375024617
0.008524115228228928
0.00805859375725985
0.007687712833586487
0.016382428440755988
0.00877618744700336
0.007509229077832842
0.006949852392121616
0.006723687723299077
0.00683071778103914
0.006574198290428618
0.006332732714979644
0.00597733278474985
0.005796389767211969
0.006329347641761654
0.006500293124528369
0.006421989714864835
0.006283787845344564
0.006173180609467665
0.005996507929040235
0.006079739226192453
0.00579118606970979
0.005507615032751134
0.00562369614253305
0.0065277341770309865
0.05387437288987929
0.01318619878296581
0.008912039795708251
0.007760359250898472
0.0068629552687765995
0.007429993954092882
0.006846835019131678
0.0066076266945484545
0.006419603400910135
0.00619545888544189
0.006261575273412542
0.006280731075505817
0.006046784338492392
0.00642350311630725
0.006339976662929024
0.006054478963248269
0.005785116763713706
0.0058121401219315295
0.005905418965701497
0.005606069430062405
0.005418910945852758
0.0058221467877295225
0.005623083841733231
0.005542504144177479
0.005848356420477906
0.006002551837611217
0.005430924923745682
0.0052917580765490585
0.005930394845746399
0.0053057342494668034
0.005491239969635935
0.005449055396652839
0.005525577457019885
0.005719789225789807
0.005730489090715448
0.005723455260783571
0.00589424157698371
0.005763772024808949
0.0058707060622128155
0.0060744514541785305
0.005764806742007698
0.006104250158687962
0.005705337621104971
0.006209608090113386
0.006026335612714403
0.005922842153446657
0.006335947117500953
0.00758187178491229
0.007437927788462288
0.008063372344027566
0.008193080892976613
0.008234436702805367
0.008377851461085693
0.009299229849576629
0.009468994976471325
0.009755126768544948
0.010447590338576679
0.01045865278236309
0.010571374344845019
0.01086367328222856
0.010460870850924628
0.010941012661850892
0.011453492361655682
0.01120581375688467
0.01231334895915466
0.012418209719420186
0.012944510509241176
0.012954913631856553
0.012742441672579808
0.012277084712678934
0.012202676336452408
0.012098444436509408
0.011636456544429458
0.011495297639654576
0.011532686688899351
0.011317137854660144
0.011430755775593516
0.011388185739966937
0.011171441198969363
0.011098821644704639
0.01104721149900987
0.010839622880338948
0.010793769160424625
0.010704174232238774
0.01083091432211117
0.011151351269542352
0.010962773368417077
0.010842497017594946
0.010822816321998233
0.010537945519107849
0.010517936435808424
0.010461548867812859
0.010672598354452159
0.010470237991489256
0.010359062343169273
0.010356173999416832
0.010453110257109937
0.01032147385687945
0.010296576895568609
0.010336342509369168
0.010327314244740352
0.010205541007829078
0.010097401574498975
0.010057518767141262
0.010051729696132975
0.010006479531470349
0.009935490809113984
0.009926725111698982
0.009918067966693497
0.009895592413961133
0.009847217446483713
0.009785127548219315
0.00981039117205596
0.009811148734081149
0.009743137071795041
0.009658016041583752
0.009693802238249515
0.0097159648545506
0.009614024288215525
0.009627315955353502
0.009658153753851147
0.009617730577626148
0.009657224067553328
0.009779559404693888
0.009855746636651527
0.010040928414169266
0.010271572433883885
0.010555607221801787
0.010760863373074626
0.010922928795728424
0.011135138468869578
0.01125868638549266
0.011842628255811736
0.012230573896126938
0.013612577372951606
0.030565404564310873
0.04690698676596302
0.03373504822159738
0.027335902520891343
0.02343410849410612
0.023801546763679918
0.02172352194111484
0.019475700462709314
0.018168212701868927
0.017179625996744108
0.01652379830678304
0.016004614658479067
0.01566851468331664
0.015365417997524186
0.015189563720510899
0.014884580357381194
0.014705919650840296
0.014564107496183988
0.014414592400871817
0.014218194839351102
0.014083867621081308
0.013929604391819124
0.013785517639755336
0.013674245581605049
0.013600055065093352
0.013429698678111491
0.013362846086045155
0.013244479999038545
0.013154037732443249
0.013070045199171933
0.012981899357715793
0.01290655507131652
0.012827271915323745
