0.018948362960034194
0.012832346951277293
0.011148249137693902
0.011795836312852437
0.008632760979807367
0.010152354310446112
0.00851703654624355
0.0072121701931831365
0.007817684254919991
0.007061285042306607
0.007174731666140401
0.006871913038987222
0.006519771881483854
0.006794315324386025
0.006398786699569505
0.006397877090287575
0.006962947902798942
0.006178894315373702
0.005977467537665104
0.006319170694761089
0.006053133674690711
0.006241202575278327
0.005968973996246706
0.00546628130763986
0.005761672065316491
0.005248784769965901
0.0049637254840503384
0.004740005143727616
0.0049364519401144
0.004995409504675345
0.005024144561006129
0.0046128315328588
0.004760426251562546
0.004509730199796111
0.004667754432352621
0.0045733790863752045
0.0046562568553854145
0.00439930461072048
0.004191055998298493
0.004253263294905609
0.004431079261002917
0.004075294241562137
0.004308349253899387
0.004275353077816148
0.0038926804870391143
0.004188558610261081
0.0038802354234917986
0.004092473463448705
0.0036648262068287953
0.004403559731460588
0.0039014365896482216
0.0037567478664092893
0.003783145520411486
0.0038600515055225984
0.0035287392521701198
0.0035993658132676453
0.0036145805854805074
0.003706182892015442
0.0036225802222694934
0.0035318814095574485
0.0034952354909788402
0.003770533538561759
0.003439269803325881
0.0033787835285979057
0.0035503821468070586
0.0034098823564099484
0.003380214156519207
0.003282255034093682
0.0032130937829585576
0.0032059950982422495
0.0033942519979989617
0.0031648726435691897
0.0032793375174333
0.0034002321018134444
0.0033167986833191536
0.0032851503837208196
0.003125269986875807
0.0030650314444546044
0.003056203134857847
0.0032418896164318456
0.003141626275973447
0.0031204402619409164
0.0031043473531762343
0.00308527617972034
0.0030980282248560228
0.003069897823997406
0.003168569669444681
0.002976780471712455
0.003014350573478828
0.0030228908913326985
0.002942246494589389
0.0029489283382940793
0.0029545984650294244
0.002938290684009877
0.0029228534323608286
0.0029033933711225405
0.002905086506026609
0.0028427118092687006
0.002871998383233696
0.0028448044426580606
0.0029130519195343083
0.0028660853306291816
0.0028090380740531913
0.0028214612938072185
0.002825655575166074
0.0028161377646279957
0.0028530954652094707
0.0028539482485056243
0.0028132086665409975
0.002777473517695838
0.0027915501198624705
0.002832866315731171
0.002772624227708962
0.0027356775835401382
0.0027649336956527735
0.002846695421495967
0.0027486412464464106
0.002783133300752596
0.002720641536922732
0.00276082348780181
0.0027200864154641696
0.002740001869599988
0.0027230080438974055
0.0026912767619769935
0.002714000821988944
0.002707972066545705
0.002714450277109025
0.0026932679070548783
0.0026995926218047616
0.002673256039073351
0.0026902860786933457
0.0026694791408055428
0.00268594346532954
0.0026878884834634167
0.00268537945276449
0.0026454383116371063
0.0026508144144901397
0.0026438188794583716
0.002653311166086148
0.0026521642143531683
0.0026727298987872256
0.00263976201724248
0.002632937727110047
0.002649481714221545
0.002639026106271227
0.0026342583630997933
0.0026478619246719276
0.0026397341558656033
0.0026264317409990935
0.0026216055445997455
0.0026318426323014106
0.0026217384293486697
0.0026198601442040605
0.002613628058782391
0.002625070474148439
0.002613689179241866
0.002616168242986875
0.0026119985178261556
0.002607000694060319
0.0026106986434785416
0.002608797787752668
0.002599227068254614
0.002604894737563214
0.00259216310874499
0.00259823847398447
0.002599583710341786
0.002609270052370502
0.002593926858529348
0.002592452952592593
0.0025872561083797882
0.0025875902069896674
0.0025859930000675236
0.0025926581457180976
0.0025858294757846487
0.0025864242724381635
0.0025881030964453053
0.002584442401937769
0.0025866887068144557
0.002582035794135407
0.0025762772943992173
0.0025793263546638624
0.0025786499860986356
0.0025815577081868156
0.002580554656457528
0.0025801131247317685
0.002579833570354809
0.002579523838215265
0.0025831201467366913
0.0025785833524905972
0.002577010826244087
0.0025803267000114073
0.0025763637841759715
0.0025748847284846406
0.0025785456338008436
0.0025782928902709046
0.00257371474239133
0.002571379094793931
0.002572202520473599
0.0025716421599177395
0.002571208203250075
