0.019925144026459982
0.010584224020493574
0.014325316207359435
0.00947328237502988
0.008375353759846833
0.007535001172173926
0.007327884793024569
0.00708701525197714
0.006584823075345635
0.006499723607849413
0.005829006317040246
0.0062279177102333326
0.006112499025529108
0.00544450867934164
0.005908620791980052
0.006242492262548078
0.00682120777644484
0.005027927709248984
0.005185781226939379
0.005309131617849325
0.005252475957445172
0.004464258692056399
0.004537269814385137
0.0045174506998100685
0.004469627958685521
0.005166974214812361
0.004630241572166254
0.004845392235010918
0.004276471494086442
0.0043719679767698074
0.004260150924007772
0.0043714162081728986
0.0043650347587876615
0.004185876698386023
0.0037537279499409108
0.004104069062430593
0.003955137461415843
0.003947232770842704
0.003890280753606993
0.003907392058964208
0.003956355792963418
0.0038018042316529284
0.003875948884229524
0.003688442188271677
0.003941196178336312
0.003918747251742421
0.0038561953913808927
0.0035520683952946766
0.0036419744429418708
0.0035454517637453
0.003575739616639079
0.0035891674340526166
0.0035630069197236094
0.003962717305871876
0.0033485535436870275
0.0034298678391771927
0.003341203926387613
0.003501245308776841
0.003705078104023534
0.003262016150274228
0.0033044397963471438
0.003478685633347896
0.0032067760258985317
0.0031938692311397686
0.0031466011115560888
0.0034148407991091154
0.003154534733109126
0.0032539155983725703
0.003164335430808801
0.003072610183670912
0.0032190573212272297
0.0031944172814733353
0.0033269171158569065
0.003072204985320809
0.003134507941881687
0.0031212625884039645
0.003033233589157201
0.003071613554579008
0.0029179816460776476
0.0031769180058533533
0.0030859430217415264
0.0030544206210944376
0.003048828957344894
0.0028828204870705847
0.003058375379638317
0.003120652913677824
0.002966602331133295
0.002925007435164661
0.00291052690351533
0.0028908778472879573
0.002969814987958072
0.002917227786254189
0.0028997777475079766
0.0029773172206937768
0.002906948045936115
0.002851632876686573
0.002841540996002335
0.002864692871122789
0.002934208769693557
0.0029493089483228216
0.002954594160517217
0.0028591376672341025
0.002890582978163277
0.00277599585534941
0.0028296792299976827
0.002848392734427042
0.0028272990415405307
0.0027995659658302356
0.002762306203533138
0.002730406666181056
0.0027095789285047907
0.002778571266685975
0.002725142085128189
0.0027455037750345906
0.002809965247712473
0.0027301577192148214
0.002744825370659953
0.002722399124067063
0.002683962179070308
0.002689467762614222
0.0026872837577216935
0.0026810027275468357
0.0026911328669925547
0.002712077364562432
0.002674348592131776
0.0026755010891365448
0.002685386110302959
0.0026837837516185377
0.002702339166613224
0.0026811680979113217
0.002702791156456561
0.002654429758030332
0.00265566286325005
0.0026576457335858355
0.002641841142815549
0.0026869758566059987
0.002653422822402321
0.0026320157895365097
0.002656493427312718
0.002661477140951786
0.0026453361045684623
0.002665438577111151
0.00263236454537184
0.002616376350291236
0.0026178937581021714
0.0026159170534179655
0.002616566601097664
0.002609281030482791
0.002624443714885627
0.002591847360527634
0.0026102586265636307
0.002603684004162303
0.0025916247475792926
0.0025798237386401275
0.0025948272464378797
0.0026002768964193735
0.002602622366696797
0.0025885136182161716
0.002592740384186737
0.0025956009694570095
0.0025877292844941435
0.002600527719582743
0.0025987268313343906
0.0025920329655125854
0.002608097585761878
0.002596163183121436
0.0025908745708843987
0.002631751334079351
0.002597018036357928
0.0025953843374517016
0.0025811148875166355
0.0025817627959079867
0.002595739409516231
0.00258113903815905
0.0025876605187070173
0.002590808319743513
0.0025962210751967556
0.0025958193220625794
0.002598244017248557
0.00259622018377725
0.0025966255327049726
0.002589951037188098
0.0025891797545302495
0.002587965309892951
0.0025937744378401115
0.002586298281132645
0.0025883836737462243
0.002596032752787704
0.0025922195522636135
0.0025963339622340027
0.0026018903245665064
0.002589448449249314
0.002586317532983182
0.0025849062342089293
0.0025853774698796988
0.0025839092527653964
0.0025819836982945744
0.0025782482761300437
0.0025755653353079218
