0.028520540547351637
0.018390480767231814
0.011478880928777614
0.00982943952196019
0.010751897066116846
0.009922571257419324
0.00797589216807948
0.00839492323680632
0.013907967889704045
0.008500108682572826
0.007652561721118175
0.0072877006135967275
0.006571108385482845
0.006741738992378545
0.006400737663511637
0.007312148158937669
0.006504429070109854
0.005922887619856842
0.006403404979396143
0.006030569738918994
0.006066836527144932
0.006124055331783197
0.005861514948892709
0.005201595543016163
0.005885988389568745
0.005197872388912192
0.004936438438321214
0.005228965747745106
0.005168876275159187
0.005409760054826286
0.0055976329234307485
0.00510909808465844
0.005343868754296186
0.005440272240264819
0.005869130719160976
0.006288062792137864
0.006646113482744859
0.006904985843017011
0.00796098638114117
0.009175427003036578
0.0378509321420927
0.016015457082263738
0.015577799417490074
0.011563573419100125
0.009159722431944054
0.007132225202376937
0.00639497080169833
0.006279638235346065
0.005762778007736813
0.005659513892236985
0.006183562831909501
0.007483592663965146
0.009464243060011517
0.008422232499761229
0.008081712473180859
0.007237075293716219
0.006281678899379793
0.005890929383333402
0.005839027811722176
0.006040706680457697
0.0060530558240538945
0.006831464545645183
0.007127297748551796
0.0070735683533677
0.00713874222984278
0.006493138346637365
0.0065380528195789
0.006251958009368549
0.006181919022218071
0.00623709741579301
0.006331327231513043
0.00619444299245324
0.006391152787709679
0.006032806202042491
0.005916668752138585
0.005886091304352199
0.0055739818694488085
0.005526751042922145
0.005573057953285355
0.005753041703050203
0.006158886035154913
0.0060428792464704215
0.006138857798382331
0.005782502005441399
0.0057012756071268015
0.005521910329836457
0.006065478361189381
0.005829116302948697
0.00583627024563584
0.005860429468966983
0.005954561565835275
0.0059220558692425354
0.005947603353976047
0.005748121059348852
0.005809084829761153
0.00574661181786413
0.005592103833716631
0.005638319542227457
0.0057924136145999575
0.005767609569718658
0.005889870356883813
0.006154194450127857
0.006175761385382876
0.00593203058447744
0.0059353242711345
0.006208467482717427
0.006143532635162732
0.005975752137350413
0.00609236297116579
0.00598430717065308
0.005902058374396684
0.005875919717914876
0.005844497357022567
0.00581202029426989
0.0057167120938415444
0.0056097811603443345
0.0055372067191343174
0.005481757129244135
0.005503451734243201
0.005545992626073514
0.005486408279161189
0.0055009607387276485
0.00561142144049637
0.005515193363400168
0.005455269919704858
0.005621993816371107
0.005725921858709413
0.00603164791482634
0.005895014216847832
0.006028468843837595
0.00589300782428023
0.005976234001793395
0.005829225558053769
0.00575511687144344
0.005658626721028015
0.005602292602064153
0.005562041718758717
0.0055038343419350245
0.005454648937603368
0.00540163642037946
0.005353295178273334
0.005339976467394951
0.005373468893103059
0.005363308421301733
0.005348462034222637
0.0053865813527972
0.005292019306633615
0.005245940318585598
0.005254748474873805
0.005219203868955655
0.005224183121481793
0.005178642831893341
0.005165238472465169
0.005196594137510692
0.005167227369921126
0.005174810161683091
0.0051199590033901505
0.0051271604964817285
0.0051303771877828485
0.005106827574931396
0.005109057637502227
0.005068218626124105
0.005109195289538576
0.005055276511878988
0.005070399140627421
0.0050742004686081645
0.005076066755728078
0.005083139980780535
0.005074262382109767
0.00507773195948764
0.0051184864867828955
0.005113913520781122
0.005098448914197923
0.005084250267867096
0.005086911841725056
0.005110415534425765
0.005086930529411448
0.005087103834212613
0.005077236390473611
0.0050798933024484814
0.005084424170963336
0.005085816178736871
0.005082170100296902
0.00508266413944232
0.005100589830802798
0.005104480684205099
0.0051220732296101005
0.005148976057470728
0.00513474459726513
0.0051338172800551845
0.005153878904905193
0.005167535178682548
0.005167859876229737
0.005165113685780605
0.0051670014753845365
0.005157219479425164
0.005148645525542722
0.005147230425185509
0.00515010287195677
