0.024385075304457455
0.01920118254170974
0.014748256760959323
0.012646412695234787
0.012312464108848726
0.010664538235652804
0.009118113458975728
0.008891053499798992
0.009290410907915487
0.011065766355863513
0.008308238688905551
0.007795511977558861
0.007492355638936792
0.0062657186796131305
0.00674535015688788
0.007405075004434238
0.006045310946527243
0.005481043917347048
0.005651906771147164
0.004805811185202037
0.004694632418921488
0.005587171356622115
0.00519810693664263
0.004445802375204445
0.005127108436779525
0.004999600906990121
0.004339099727416418
0.003864024807198354
0.0038055685014777413
0.004374096313116525
0.0036757116295583997
0.003592434472486485
0.003482355332397059
0.0034704065204823123
0.0035669307175012844
0.0035565853263451
0.0033368992997417227
0.0035681150185069253
0.003412863353583023
0.0031977983874729846
0.003446223887350642
0.0030904874904269445
0.003114871106533887
0.0031111612253451213
0.003289298536127965
0.0031150103045004584
0.0033595872391943855
0.00312796744639197
0.002927663329234826
0.0028286300272319684
0.002959671495289084
0.002849379113198483
0.002885942065516626
0.002783162225709389
0.0029501786645741773
0.0028987082368406893
0.0027156387440954634
0.0026146934275613
0.00259316768030438
0.0025819865120883514
0.0028229002095206796
0.0025750458706295803
0.0026145581285512147
0.00254638277433915
0.0025991435669416754
0.002444479228013675
0.002579306815711998
0.0025255661964721675
0.002469810748302657
0.00236507501966129
0.0023539136463790787
0.0023255493703700563
0.0023201415930129035
0.002378582277811303
0.002344810267610712
0.0023362482324487534
0.002281695755905811
0.0022222947583257014
0.002222122677218654
0.0022139604045547457
0.002381166590292863
0.0022055816916210316
0.0022508379617041893
0.002192341224888977
0.0021700303799795737
0.0022274751333623715
0.0021525420975296427
0.0021777726254094422
0.0021236743682624517
0.0021831848448063606
0.0021653264576262524
0.0021381179913296205
0.002053466962052625
0.002084753045180325
0.002118097309538117
0.002123326745774668
0.0020809803942052284
0.0020410903129446573
0.0020458446737811496
0.002020668115931616
0.00199657275558032
0.0020212097847856817
0.0020014660463552212
0.0019835942336745866
0.0019736882119495507
0.001973295722350506
0.0019964763778732397
0.0019548735986643162
0.002010590877415067
0.001975287694601446
0.00191830558794202
0.0019179275989677025
0.0019073940088761138
0.0018866671858105946
0.001924672366047895
0.0019059022233528578
0.001916846494827589
0.0018943807552386667
0.0019022769918823396
0.0018741711427045298
0.0018900783747089291
0.001899961254661599
0.0018592108491777056
0.001898972727649458
0.001859517019654631
0.0018743282207595278
0.0018640591905255807
0.0018429990874905048
0.0018413156678544257
0.0018438231204999035
0.001845262064321187
0.001824058423672555
0.001820665760338708
0.0018261546372957739
0.001805735997428023
0.001795846248124366
0.0017999937942056313
0.0018089324370432144
0.001808698654247082
0.001804187042602019
0.0018003282190670192
0.0017964886473825568
0.0017976702269486937
0.0017877135458933121
0.0017819041017331514
0.0017872927788212369
0.0017830342158767548
0.0017816648338962776
0.0017766720996539697
0.0017695923104211668
0.001771531713013699
0.0017731017226062674
0.0017658351373195456
0.0017686009294612167
0.0017608468416035255
0.0017679410431221854
0.0017583486193661034
0.0017587613435856128
0.0017616154138642287
0.0017555357621818564
0.0017478302029811993
0.0017581822170430006
0.0017554549652429579
0.0017586912456884823
0.0017474003254612383
0.0017449850002185768
0.001748428275701782
0.0017410202021629012
0.0017436543207016316
0.0017421910882084494
0.001735535799870752
0.0017423186570654915
0.0017454534301263758
0.0017397039740819939
0.0017352413453364495
0.001733916382749779
0.001732321623215872
0.0017411986396531794
0.0017316635167042992
0.0017245855474529869
0.001725063288076905
0.001722428703751406
0.0017245067597214535
0.0017210913225265566
0.0017285604030897726
0.0017237945913272674
0.0017235528560251407
0.0017208159441689025
0.0017279214038742228
0.001725007028262977
0.001724248098993006
0.001726463604723466
0.0017247275551979318
0.0017184164275685528
0.0017182122899921588
0.0017173483222923777
0.00171945124314468
0.0017194487094252748
0.0017256950726167945
0.0017196926331221334
