0.0462794795943312
0.0358920921774545
0.03157262687251748
0.02623083593447352
0.025591464351594456
0.02974673095302192
0.025933910924385743
0.0252305306880888
0.02326769037193566
0.021772276810788072
0.021173669720665037
0.020570734173700898
0.019372046925025754
0.020374845731692095
0.018428410358354977
0.019594215420729526
0.01747141001746262
0.01705979262885143
0.016511203408384537
0.016962519997549125
0.015619862554836023
0.015705102169616594
0.01568751381119001
0.014771948639036045
0.015119745153606126
0.01493988171875913
0.014885640612888973
0.014628414287275921
0.015571090292747615
0.014898428946365545
0.0146822447329027
0.014059803289988387
0.013727344262408491
0.013532553978022572
0.014177210276522533
0.013310265781370704
0.013418176256085202
0.013676035854186853
0.01370261022006047
0.013537499737403542
0.013411221062174575
0.012871850693025941
0.012628979169383383
0.012318815687999144
0.01264009733256907
0.01227812422932946
0.012202299728388866
0.011855812935614655
0.011921757168552595
0.012025986774806754
0.011709816798634521
0.011762674034327004
0.01152969391133946
0.011664445376261543
0.011618194163580658
0.011465665132481323
0.011237614749755076
0.01132999559992404
0.011194177120366404
0.01120964782128344
0.011725918941649923
0.011416725975617084
0.011267302208821734
0.011712990552235807
0.011610862639749244
0.011511358207501337
0.011324206688463213
0.012170656631517238
0.01107193450362555
0.011707846524219728
0.011146916960753027
0.01151742161095214
0.011856132926980836
0.011513184602600778
0.011852928948385473
0.011957866571437437
0.012459058755345127
0.012444188659808212
0.011892928051698485
0.012835563233637697
0.01303690828209586
0.04154697267342093
0.03331573106129548
0.03031788054130435
0.02818852990595458
0.026775346634024078
0.025789329969959807
0.02477092687176913
0.023844537973456027
0.02339347690021511
0.022784727656175747
0.02263657344464694
0.02223219047618488
0.02151567251138136
0.021280551561042804
0.021363398090524257
0.020838786718768005
0.020492354520849618
0.020478453621061515
0.020124535150089305
