0.043755248688771065
0.03358230122735328
0.031655925317604035
0.02515881461457947
0.023109494474146987
0.021873174111699582
0.03557602521514393
0.029512615669077112
0.025399686143292268
0.02404125969774356
0.02345657848757003
0.023283496412777136
0.022909900822509745
0.022822606619571605
0.020783585253164805
0.022850336396054702
0.020033944484042193
0.02024944189609914
0.01962750534092834
0.019507864961256345
0.018816362264233704
0.018460298976806504
0.019540174579432815
0.018324350276619022
0.01807211262794527
0.01771520863207887
0.017977288123686222
0.01754212568304545
0.01763890069525489
0.016629975616743065
0.01699535186740006
0.016997101735928066
0.016385823745460805
0.01628862987069449
0.015885508804129575
0.016057101114452906
0.015628336006212818
0.01613369521323832
0.015383375709491597
0.015477382288882475
0.01521231988655548
0.015094828637153819
0.014469534878286392
0.014579623935978803
0.014217282225886916
0.01403750126920319
0.01346840750229472
0.013383677924444842
0.013189502909419759
0.012971766819709588
0.013054935204830377
0.01298532256634541
0.013016896113780995
0.012957505714330417
0.012667468637112017
0.012638906007788291
0.012706096757536676
0.012379974035647324
0.012247615269881109
0.012293038290862137
0.012452231643370015
0.012157754354544394
0.01213240723271038
0.012358254120673663
0.01211843484218793
0.012090443933152064
0.011754262763842017
0.012078355729586437
0.011856138373686553
0.011703718086936807
0.011739987816092201
0.011785319388583489
0.01148092877768948
0.011629447265262879
0.011586271928891737
0.011617795451799924
0.01162042691416393
0.011618693287055063
0.011542717941873787
0.011625026016825081
0.011874731750966525
0.011519878630584464
0.01133514431334839
0.011538114998231985
0.011431043432574927
0.01121385947991548
0.011573131206477651
0.011497547499100648
0.011410429860468993
0.011265995856596319
0.011387395400317473
0.011362299542863108
0.011642677652683465
0.011648481737996898
0.011569396099288334
0.011988155085519795
0.011594791712167549
0.01130864126187546
0.011418404109514725
0.011554802830305489
