0.04305153480191368
0.03451439127770458
0.031438989195422005
0.023779548583337546
0.021910044126636694
0.02117867056533937
0.020555684381035083
0.018931891121630406
0.018974789567141145
0.01830530136019418
0.017905306167502515
0.017789921888650785
0.016425728309510067
0.017608999509206042
0.016769256723209714
0.015888290686332813
0.015216111400981008
0.014772028268184556
0.014290924972489169
0.01463769131588256
0.01381610656427996
0.016846971421714273
0.029461480757714254
0.026337645945491185
0.023630577827898725
0.022110898853142796
0.021746725714963396
0.02081176809727247
0.019664231817617867
0.01874870674982366
0.01892239898589743
0.01808118362394458
0.01771580905298529
0.0171310944165426
0.01699250865527011
0.016411206923611605
0.01627647347346772
0.017079605374273207
0.016095238071601275
0.015560579595573089
0.01567980727510714
0.015315986847803916
0.015067482133335225
0.014809234701296442
0.014956110504550594
0.01471104503563554
0.01450023571806476
0.014041689176006187
0.014178933334600649
0.01391575415056546
0.01385017779503027
0.013721779368876414
0.01375726496054542
0.01367241117206233
0.013748111028187498
0.013657124327021741
0.013727955405581952
0.01339901109171815
0.013517722708044789
0.013252049101697517
0.013184866162319593
0.012909983283448686
0.012611977374662431
0.012755603972229426
0.012738565639708195
0.012429309046933993
0.012316508086166864
0.012893692510422104
0.012134879574852831
0.012238324163885542
0.012202652467348193
0.01219125311973511
0.011960677331559524
0.012149552159287312
0.012081830274839942
0.012170575459016734
0.01212155368957678
0.011954757640247955
0.012105000984390912
0.012085166320531965
0.012144469692578645
0.012313423584057934
0.012099838793753119
0.012329726229336018
0.012489432111052
0.012511003675690397
0.012516173074691658
0.01251479858151187
0.012661695257309525
0.012558647876591757
0.012684080576774242
0.012847604841973942
0.012484350214349784
0.012576589014677874
0.012621172313792815
0.01253166185250559
0.012510670757835502
0.012627729819431261
0.01260817627640563
0.012640731668248927
0.01299131832187402
0.012503228130059777
0.012859648773478222
0.012796040191736871
0.012555694534168287
0.012424029204756343
0.013028575737698018
0.012610907142675211
0.012548630609237391
0.012601181247723268
0.012653977854270356
0.012591707781991007
0.012565361067048711
0.01236792481799966
0.012493927225081448
0.012798026042936356
0.01239574899170277
0.0123106828579079
0.012235942165527359
0.012196332326153386
0.012579742115364171
0.012314740766609456
0.012350015216064911
0.012192656283924049
0.012190611536263456
0.012267103343361582
0.012398769829320892
0.012252095760731805
0.012157010995311501
0.012188826071738051
0.012142014889174551
0.012319911536292067
0.0121340790694714
0.012173777386931973
0.012230154016584982
0.012177290612851858
0.012232390200129287
0.01211238229592537
0.012547988901630095
0.012140877387573598
0.012182482383843264
0.012344086370767173
0.012424167552099036
0.012182483370416376
0.012425593729815197
0.012099340670384645
0.012088897873753434
0.012026168504504183
0.012028590166591467
0.012028996531792473
0.012001908139146495
0.012017409235693242
0.012280867006770122
0.012367600507323604
0.012234603337586206
0.012057912762563867
0.012035348022731682
0.012030481209956687
0.012000817476670938
0.012089763770764556
0.01232162962894446
0.012017954804162376
0.011987333713750768
0.011963283372266584
0.011941468521609119
0.011958640238489334
0.012004258843519565
0.012068382732258407
0.012013923229056865
0.012137494350435641
0.011934415813580018
0.011914403052339394
0.012009174067974351
0.011934768179394723
0.011930872402425075
0.011942354191825613
0.01192499823918336
0.01194581465367419
0.011949962869695168
0.01212099009910516
0.01192315168587999
0.01206622527594594
0.01192176017260972
0.011938992057858068
0.012268981425134155
0.01193043847305715
0.011923661121159815
0.01192816326452268
0.011988639987831779
0.011904848047804732
0.01187969133641262
0.01194839004504932
0.012142502478819707
0.01192587721141703
0.01194910410318292
0.012031242917251628
0.011927184975068523
0.01194008093746089
0.01193559575326538
0.01194750778332286
