0.04633427516731371
0.03495655492994937
0.0321440573638871
0.026081879012222357
0.02352754521158944
0.0330394677330233
0.028276523970182276
0.026425546913684605
0.02489293124341553
0.023172601499050077
0.02223326310582152
0.021395591037272822
0.02106752589883849
0.023424088362330467
0.020337019261800173
0.021043596522450955
0.01928933331266487
0.018653756606048746
0.018673488341770864
0.018720396695782498
0.017820884136115347
0.01765627779883009
0.01717166415227771
0.016994444096816455
0.01698917308088653
0.016868394930890436
0.01664941661946307
0.01588119210069536
0.016174326705845357
0.015880065199769575
0.015649319049974197
0.015389183134664332
0.015247958586617896
0.015256370743884163
0.015142908073391118
0.014995769530739873
0.01481449477416068
0.014904512156166953
0.014632698585202261
0.014809367657489208
0.014136478397659457
0.013758252648180654
0.014114251677148344
0.014047349745050149
0.014712684238255253
0.013845150579875329
0.01345915872451843
0.01337667671772485
0.013067439698292547
0.01310966084996664
0.012783677250351995
0.01294682386165305
0.013073995613366753
0.01263421072330463
0.01266467941485469
0.012766506578653195
0.01262950239175788
0.013419492686496828
0.012612046576264298
0.012401905795218424
0.012915332721358868
0.012831392668177037
0.012555081711500627
0.012970760547696704
0.0126642294819858
0.012767719685881565
0.012202645012697574
0.012993274185158159
0.012071533251737331
0.012372753538226321
0.012256830478123494
0.012160506073821376
0.012063634824131884
0.011958747500842495
0.012049102643927003
0.012052720639922639
0.012202261169009113
0.012047763990793256
0.011832265680482658
0.011619683523184873
0.01175310351438865
0.011874556775876085
0.011701011597804133
0.011727933045307769
0.011867276906615513
0.011812391528516021
0.011705148881684883
0.011816160209042168
0.011848891836677655
0.011748066667935816
0.011611605121078589
0.011754337521989294
0.011746902954483324
0.011717264932334768
0.011922308294991645
0.01181938098477989
0.011787338242769944
0.011735863470604976
0.011737284267142758
0.01156135062935065
