0.04619910796978272
0.03509529624417169
0.030292256551402053
0.027835598639760477
0.023734000879702614
0.03645182425606176
0.027797987132102145
0.026160621257554008
0.024495266857374357
0.02284829084904197
0.022281208169091717
0.022120115907546745
0.02183634877582593
0.021217406890072694
0.02087608545344605
0.021565157761798327
0.019922235546562174
0.019247301644892377
0.01916038881920992
0.01872157828476759
0.018209936767800264
0.018057393289245334
0.017538248164190383
0.017608906094082114
0.017425021610272512
0.01686449866796027
0.01714186204478713
0.016760549844320675
0.016557264553319295
0.016245041520793778
0.01619202470331391
0.015852092556988336
0.015639354430377568
0.015635354849962178
0.015892479031070078
0.015272853401310781
0.015777739858344127
0.015977602343370156
0.015332857188169883
0.015285064643241792
0.0160726948955548
0.014647891112897
0.014664266932066653
0.014334146593954086
0.014471028598002445
0.014919102530550803
0.014307273929723167
0.014428944359395617
0.01429618193870631
0.014488221595394903
0.014396027100095328
0.014115819007265728
0.014853183322951505
0.014494434519006777
0.014229921416188118
0.01470184256493114
0.014953770572912832
0.01490787585114021
0.014958777372180638
0.01520377511335021
0.016232944272013293
0.015359964080486196
0.014310857695620476
0.013922792223129431
0.013943702975583314
0.014332485955347328
0.013913307810668463
0.014354906244433202
0.013723452757332971
0.013606510086944164
0.013490873491205336
0.01360059541508785
0.013397905861212624
0.0132130408879562
0.013924780283943365
0.013238148983353463
0.013939551602917578
0.013636026202193195
0.013199927409652751
0.013233616866727325
0.013532795304224736
0.013184873559989917
0.013744416783106832
0.012990936706929107
0.012879672641475695
0.013002863743488191
0.013313859717436701
0.0128567358558142
0.012933997218594269
0.012813537534723956
0.012893142059606554
0.013126800337163892
0.012956673617470767
0.012939123668596286
0.013512003751292355
0.01311340191709133
0.013326265330550632
0.013070358057002412
0.013427661987233002
0.013249104169565616
0.013253884629110268
0.01311985207042915
0.01311103884840121
0.013092668619388233
0.01335752905261695
0.013075275296372011
0.013506466891353253
0.013468323731492754
0.013180828427796798
0.012947654696119349
0.012949243489187669
0.012765568429025213
0.012865396395796156
0.012982133003866478
0.01281325530969392
0.012860058751586068
0.01292136531230805
0.012799698222494901
0.012864511856078894
0.012882237247231358
0.012846772424981697
0.012926716244729975
0.012751664312292445
0.012790525624117251
0.012779329495912924
0.012803974022815003
0.012869476829215397
0.012702788394500059
0.01283453414020259
0.012811280629888306
0.012746697245117374
0.013200750074060474
0.01295434096908486
0.013001217485763565
0.01308640976375691
0.012976284530089095
0.013103511168580882
0.013060874956156612
0.013203631714108497
0.012907926368154809
0.012962832120576348
0.013191755734466274
0.013002250346410187
0.012766305636828236
0.012754102880077181
0.01276282773217933
0.012744087334176389
0.012801426148318234
0.012707537251698264
0.012822702082599901
0.012688329262830098
0.012661446463025673
0.012818355029832466
0.01309175110313914
0.012777172589867308
0.01276052040466647
0.012744632083668248
0.012750677797179411
0.01275827178883576
0.012879519990450904
0.012944248202432378
0.012692083082348352
0.012693022235541784
0.012776631091470134
0.012813340210333738
0.012974065515521731
0.0126522038460403
0.012665833050756914
0.012752286273378446
0.013247925551695914
0.012700085566758354
0.012691262754132732
0.012714626940937364
0.012697438089675387
0.012654401360314283
0.012673485466955426
0.012761690434791684
0.012710901689812855
0.012709438550912474
0.013212945745718827
0.012754540453334982
0.012916915226956866
0.012710404391946407
0.012728095745716045
0.012810081797037883
0.012894525767466702
0.012730796551674776
0.012770403884322764
0.012805655395139387
0.012691863744435096
0.012699865494613294
0.012771110508359353
0.013130820560726222
0.012728364053715985
0.01265050309775732
0.01269706062289596
0.012660326390704947
0.012678897883964865
0.01267670890864599
0.012664599598307147
