0.19184966677592047
0.3507046869878728
0.450671910848902
0.47350595433191306
0.5705233256855676
0.3404348301103463
0.4897847700207582
0.5124003059106303
0.5511854036927784
0.576204523107178
0.5805746749699552
0.5813394515459412
0.5876761717469682
0.5946684147274118
0.6039549874358134
0.5884409483229542
0.614771113296187
0.6299573910193379
0.6313776903747406
0.6406642630831422
0.6514803889435158
0.6512618813503769
0.6655741287009723
0.6650278597181252
0.6722386102917076
0.6730033868676937
0.6697257729706108
0.6722386102917076
0.6779198077133181
0.686769365235442
0.6862230962525948
0.6958374303507047
0.700753851196329
0.7020648967551623
0.6963836993335518
0.7054517644488146
0.6934338468261773
0.6949633999781493
0.7156123675297716
0.7105866928875778
0.6972577297061073
0.7232601332896318
0.71594012891948
0.7271932699661313
0.7222768491205069
0.7126625150223971
0.7222768491205069
0.7251174478313122
0.7256637168141593
0.722058341527368
0.725335955424451
0.7321096908117557
0.7195455042062712
0.7200917731891183
0.7252267016278816
0.7181252048508686
0.7163771441057577
0.7138643067846607
0.7139735605812302
0.7088386321424669
0.6928875778433301
0.6993335518409265
0.7255544630175899
0.7388834261990604
0.7381186496230744
0.7207472959685349
0.7293783458975199
0.7328744673877418
0.7361520812848247
0.7383371572162133
0.7404129793510325
0.7409592483338796
0.7405222331476019
0.7465311919589206
0.7278487927455479
0.7455479077897957
0.7312356604392003
0.7373538730470884
0.7429258166721293
0.74664044575549
0.738774172402491
0.7506828362285589
0.7358243198951163
0.7496995520594341
0.7526494045668087
0.7484977602971703
0.7445646236206708
0.752977165956517
0.7496995520594341
0.7539604501256418
0.7526494045668087
0.7505735824319895
0.7480607451108926
0.7540697039222113
0.7381186496230744
0.7483885065006008
0.7464219381623511
0.7464219381623511
0.7398667103681853
0.7457664153829345
0.7528679121599475
0.7445646236206708
0.751447612804545
0.7492625368731564
0.7429258166721293
0.7491532830765869
0.74664044575549
0.739538948978477
0.7451108926035179
0.7506828362285589
0.7503550748388507
0.7541789577187807
0.7505735824319895
0.7495902982628646
0.7538511963290724
0.7543974653119195
0.7479514913143231
0.7509013438216978
0.7521031355839616
0.7507920900251284
0.7521031355839616
0.7503550748388507
0.7557085108707527
0.7519938817873921
0.7536326887359336
0.7506828362285589
0.7522123893805309
0.7555992570741833
0.7523216431771004
0.7533049273462252
0.7519938817873921
0.7521031355839616
0.7457664153829345
0.7478422375177537
0.7480607451108926
0.7482792527040315
0.74664044575549
0.7490440292800175
0.7494810444662952
0.7491532830765869
0.7479514913143231
0.7510105976182673
0.7527586583633781
0.7531956735496559
0.7527586583633781
0.7509013438216978
0.751447612804545
0.7521031355839616
0.7510105976182673
0.7535234349393641
0.7512291052114061
0.7525401507702393
0.7523216431771004
0.7517753741942532
0.7516661203976838
0.7513383590079755
0.7509013438216978
0.7509013438216978
0.7512291052114061
0.7517753741942532
0.7522123893805309
0.7534141811427947
0.7512291052114061
0.7522123893805309
0.751447612804545
0.7530864197530864
0.7524308969736698
0.7516661203976838
0.7522123893805309
0.7515568666011144
0.7518846279908227
0.7528679121599475
0.7512291052114061
0.7522123893805309
0.7519938817873921
0.7523216431771004
0.7524308969736698
0.7524308969736698
0.7512291052114061
0.749918059652573
0.7507920900251284
0.751447612804545
0.7522123893805309
0.7516661203976838
0.7510105976182673
0.7512291052114061
0.7504643286354201
0.7513383590079755
0.7517753741942532
0.7517753741942532
0.7510105976182673
0.7512291052114061
0.7511198514148366
0.7519938817873921
0.7526494045668087
0.7522123893805309
0.752977165956517
0.7510105976182673
0.7518846279908227
0.7521031355839616
