0.20222877745001638
0.40194471757893585
0.42270293892712774
0.5282421064131979
0.5609089915874577
0.590407516661204
0.373320222877745
0.48071670490549545
0.5428821151535016
0.5613460067737354
0.5645143668742488
0.5686660111438873
0.576204523107178
0.5692122801267344
0.6024254342838413
0.5752212389380531
0.6218726100732
0.6134600677373538
0.6296296296296297
0.6404457554900033
0.6336720201026985
0.640882770676281
0.6343275428821151
0.6500600895881132
0.6507156123675297
0.6541024800611821
0.6556320332131541
0.6651371135146946
0.6672129356495138
0.6818529443898176
0.67562547798536
0.6674314432426527
0.6895007101496777
0.6863323500491643
0.6872063804217197
0.6885174259805529
0.700753851196329
0.6946356385884409
0.704796241669398
0.6990057904512181
0.7046869878728286
0.7033759423139954
0.7077460941767726
0.7135365453949525
0.7127717688189664
0.7153938599366328
0.7274117775592702
0.7327652135911723
0.7329837211843112
0.7423795476892822
0.7446738774172402
0.7391019337921992
0.7421610400961434
0.7397574565716158
0.7496995520594341
0.7482792527040315
0.7472959685349065
0.7565825412433083
0.7574565716158637
0.7580028405987108
0.754506719108489
0.7586583633781274
0.7589861247678357
0.7584398557849885
0.7631377690374741
0.760843439309516
0.7621544848683491
0.7596416475472523
0.7668523981208347
0.7681634436796678
0.7684912050693762
0.7657598601551404
0.7723150879493063
0.766415382934557
0.7658691139517099
0.767180159510543
0.7655413525620015
0.7633562766306129
0.7682726974762373
0.7695837430350705
0.7659783677482792
0.7705670272041953
0.7702392658144871
0.7730798645252922
0.7724243417458757
0.7738446411012783
0.7682726974762373
0.7692559816453621
0.7686004588659456
0.771222549983612
0.7713318037801814
0.7723150879493063
0.7669616519174042
0.7657598601551404
0.769474489238501
0.7588768709712662
0.7666338905276958
0.7736261335081394
0.7706762810007648
0.7630285152409046
