0.26636075603627224
0.35878946793401073
0.4885829782584945
0.5214683710258932
0.5595979460286244
0.5633125751119852
0.5818857205287884
0.6026439418769802
0.6285370916639353
0.6509341199606686
0.6701627881568885
0.6728941330711242
0.6533377034851962
0.6955096689609964
0.6856768272697477
0.7042499726865509
0.7209658035616737
0.7117884846498416
0.7313449142357696
0.7342947667431443
0.7411777559270185
0.7394296951819076
0.7393204413853381
0.7351687971156998
0.7375723806402272
0.7432535780618377
0.7578935868021414
0.7553807494810445
0.7592046323609746
0.7669616519174042
0.7584398557849885
0.7678356822899596
0.7762482246258058
0.7722058341527368
0.7648858297825849
0.7785425543537637
0.7840052441822354
0.780618376488583
0.7904512181798318
0.7848792745547908
0.7909974871626789
0.7944936086529006
0.7966786845842893
0.7904512181798318
0.7930733092974981
0.8009395826504971
0.7982082377362614
0.8014858516333443
0.7954768928220256
0.7996285370916639
0.804981973123566
0.7977712225499836
0.8060745110892603
0.7995192832950945
0.8009395826504971
0.8029061509887468
0.8055282421064132
0.8001748060745111
0.8023598820058997
0.8076040642412324
0.8061837648858298
0.8072763028515241
0.8098983939691904
0.8153610837976619
0.8107724243417459
0.8156888451873703
0.8131760078662733
0.8064022724789687
0.8131760078662733
0.8144870534251065
0.8133945154594122
0.8153610837976619
0.8149240686113842
0.8183109363050366
0.818420190101606
0.8166721293564951
0.8196219818638698
0.8185294438981755
0.8182016825084671
0.8199497432535781
0.8174369059324812
0.8213700426089806
0.8225718343712444
0.8194034742707309
0.8212607888124113
0.818420190101606
0.8223533267781056
0.8228995957609527
0.8233366109472304
0.8237736261335081
0.8227903419643833
0.823992133726647
0.8221348191849667
0.8267234786408828
0.8260679558614662
0.8234458647437999
0.8274882552168688
0.8254124330820496
0.82726974762373
0.8261772096580356
0.8258494482683273
0.8251939254889107
0.8251939254889107
0.8269419862340216
0.827051240030591
0.828799300775702
0.8260679558614662
0.8249754178957719
0.8267234786408828
0.8268327324374523
0.8269419862340216
0.8302196001311045
0.8282530317928548
0.8275975090134382
0.8296733311482574
0.8297825849448268
0.829564077351688
0.827051240030591
0.8289085545722714
0.8265049710477439
0.82726974762373
0.8292363159619797
0.8291270621654102
0.8285807931825631
0.8302196001311045
0.828799300775702
0.827051240030591
0.8286900469791325
0.829564077351688
0.8301103463345352
0.8309843767070906
0.8296733311482574
0.8290178083688409
0.8293455697585491
0.8315306456899377
0.8320769146727849
0.8313121380967988
0.8320769146727849
0.8316398994865072
0.8314213918933683
0.831858407079646
0.8313121380967988
0.8302196001311045
0.8316398994865072
0.8331694526384792
0.8330601988419097
0.8327324374522015
0.8325139298590626
0.8319676608762154
0.8322954222659238
0.8328416912487709
0.8312028843002295
0.831858407079646
0.8308751229105211
0.8324046760624931
0.8315306456899377
0.8324046760624931
0.8331694526384792
0.832623183655632
0.8317491532830766
0.8316398994865072
0.8321861684693543
0.83109363050366
0.8319676608762154
0.8317491532830766
0.8330601988419097
0.8317491532830766
0.831858407079646
0.8313121380967988
0.831858407079646
0.8319676608762154
0.83109363050366
0.8308751229105211
0.8308751229105211
0.8314213918933683
0.8314213918933683
0.8317491532830766
0.8317491532830766
0.831858407079646
0.8320769146727849
0.8325139298590626
0.8315306456899377
0.831858407079646
0.8330601988419097
0.8319676608762154
0.832623183655632
0.8330601988419097
0.8332787064350486
0.8327324374522015
0.8328416912487709
0.832623183655632
0.8327324374522015
0.8327324374522015
0.8328416912487709
0.8330601988419097
0.8329509450453403
0.8328416912487709
0.8327324374522015
0.8322954222659238
0.8319676608762154
