0.5416329830234439
0.7747237941255726
0.6642414443546214
0.7747237941255726
0.8124494745351657
0.8210724872002155
0.8283481541363514
0.8313123147399623
0.8482888709242792
0.845863648612234
0.8674211802748585
0.8652654271085961
0.8628402047965508
0.8749663163567771
0.8534087846941525
0.8552950687146321
0.8552950687146321
0.8879008353543519
0.8795472918350848
0.8784694152519537
0.8773915386688225
0.904607922392886
0.897601724602533
0.908919428725411
0.8957154405820533
0.8860145513338723
0.8951765022904877
0.8962543788736189
0.9059552681218
0.9054163298302345
0.9021827000808408
0.9056857989760172
0.9037995149555376
0.8957154405820533
0.9213150094314201
0.9059552681218
0.9129614659121531
0.9137698733495014
0.9113446510374562
0.9124225276205874
0.9116141201832391
0.9205066019940716
0.9110751818916734
0.9153866882241983
0.9105362436001078
0.9124225276205874
0.9126919967663703
0.9234707625976826
0.9213150094314201
0.919967663702506
0.9240097008892482
0.917272972244678
0.9232012934518997
0.9094583670169766
0.9285906763675559
0.9275127997844247
0.9269738614928591
0.9232012934518997
0.9151172190784155
0.9320937752627324
0.9280517380759903
0.9226623551603341
0.9302074912422528
0.931285367825384
0.9285906763675559
0.9248181083265966
0.9293990838049043
0.9291296146591216
0.9323632444085153
0.9342495284289949
0.9310158986796012
0.9291296146591216
0.924279170035031
0.932632713554298
0.9280517380759903
0.9304769603880356
0.9310158986796012
0.9315548369711668
0.9353274050121261
0.9307464295338184
0.9307464295338184
0.9318243061169497
0.9329021827000809
0.9364052815952574
0.9310158986796012
0.9320937752627324
0.9347884667205605
0.9374831581783886
0.9350579358663433
0.9345189975747777
0.9350579358663433
0.9361358124494745
0.9358663433036917
0.9334411209916464
0.9361358124494745
0.9377526273241714
0.9366747507410401
0.9401778496362166
0.9355968741579089
0.9355968741579089
0.9358663433036917
0.9390999730530855
0.9393694421988682
0.939638911344651
0.9399083804904338
0.9377526273241714
0.9374831581783886
0.9393694421988682
0.939638911344651
0.9420641336566963
0.9431420102398276
0.9380220964699542
0.9388305039073026
0.9412557262193478
0.9390999730530855
0.9417946645109135
0.9412557262193478
0.9407167879277822
0.9434114793856103
0.9436809485313932
0.9431420102398276
0.9426030719482619
0.9417946645109135
0.9417946645109135
0.9412557262193478
0.9436809485313932
0.9415251953651307
0.9434114793856103
0.9428725410940447
0.9420641336566963
0.9442198868229588
0.9417946645109135
0.9423336028024791
0.9431420102398276
0.9434114793856103
0.9420641336566963
0.9426030719482619
0.9420641336566963
0.9426030719482619
0.9434114793856103
0.9444893559687416
0.9431420102398276
0.9439504176771759
0.9423336028024791
0.9434114793856103
0.9428725410940447
0.9426030719482619
0.9436809485313932
0.9426030719482619
0.9426030719482619
0.9436809485313932
0.9417946645109135
0.9426030719482619
0.9434114793856103
0.9417946645109135
0.9426030719482619
0.9423336028024791
0.9434114793856103
0.9436809485313932
0.9423336028024791
0.9450282942603072
0.9420641336566963
0.9423336028024791
0.9426030719482619
0.9423336028024791
0.9439504176771759
0.9436809485313932
0.9409862570735651
0.9423336028024791
0.9428725410940447
0.9434114793856103
0.9431420102398276
0.9428725410940447
0.9439504176771759
0.9444893559687416
0.9442198868229588
0.9436809485313932
0.9439504176771759
0.9439504176771759
0.9428725410940447
0.9436809485313932
0.9434114793856103
0.9439504176771759
0.9444893559687416
0.9428725410940447
0.9439504176771759
0.9428725410940447
0.9426030719482619
0.9420641336566963
0.9423336028024791
0.9423336028024791
0.9431420102398276
0.9434114793856103
0.9428725410940447
0.9423336028024791
0.9426030719482619
0.9431420102398276
0.9428725410940447
0.9439504176771759
