0.1845296624057686
0.3786736589096471
0.412870097235879
0.5066098546924506
0.5791543756145526
0.393095160056812
0.4433519064787501
0.49033103900360536
0.526494045668087
0.5639680978914017
0.5752212389380531
0.5953239375068283
0.6036272260461051
0.5657161586365126
0.6082158855020212
0.5946684147274118
0.6349830656615317
0.6423030700316836
0.6438326231836556
0.6496230744018354
0.6595651698896536
0.6617502458210422
0.6744236862230962
0.6764995083579154
0.6704905495465967
0.6721293564951382
0.6810881678138315
0.6928875778433301
0.6810881678138315
0.696929968316399
0.6972577297061073
0.7037037037037037
0.7037037037037037
0.7037037037037037
0.7057795258385229
0.7071998251939254
0.7136457991915219
0.7090571397356058
0.7187807276302851
0.7196547580028406
0.7267562547798536
0.7327652135911723
0.7206380421719655
0.7283950617283951
0.7079646017699115
0.7294875996940894
0.7397574565716158
0.7363705888779635
0.7456571615863651
0.7495902982628646
0.754506719108489
0.7455479077897957
0.7464219381623511
0.7524308969736698
0.7503550748388507
0.7498088058560035
0.7531956735496559
0.741833278706435
0.7530864197530864
0.7553807494810445
0.7505735824319895
0.7483885065006008
0.7517753741942532
0.7469682071451983
0.7561455260570304
0.7494810444662952
0.7634655304271823
0.7588768709712662
0.7596416475472523
0.7588768709712662
0.7588768709712662
0.761608215885502
0.7632470228340434
0.7646673221894461
0.762591500054627
0.7637932918168906
0.7635747842237518
0.762591500054627
0.7655413525620015
0.7673986671036819
0.7677264284933901
0.7675079209002513
0.7693652354419316
0.7682726974762373
0.7669616519174042
0.766415382934557
0.7676171746968207
0.7658691139517099
0.7659783677482792
0.771222549983612
0.7702392658144871
0.7673986671036819
0.7702392658144871
0.7657598601551404
0.766415382934557
0.7665246367311264
0.7677264284933901
0.7673986671036819
0.7696929968316399
0.7716595651698896
