0.42333602802479114
0.5545675020210186
0.650767987065481
0.7375370520075452
0.7577472379412558
0.7825383993532741
0.8032875235785503
0.804904338453247
0.8011317704122878
0.8226893020749124
0.8286176232821342
0.8299649690110482
0.8113715979520345
0.821880894637564
0.8283481541363514
0.8143357585556453
0.8286176232821342
0.8350848827809216
0.845863648612234
0.8606844516302883
0.8596065750471571
0.8631096739423336
0.856911883589329
0.8534087846941525
0.8587981676098086
0.8606844516302883
0.8623012665049852
0.8671517111290757
0.8609539207760711
0.8439773645917542
0.8703853408784694
0.8663433036917273
0.8682295877122069
0.8725410940447319
0.8741579089194287
0.8601455133387227
0.8714632174616006
0.8741579089194287
0.8725410940447319
0.8684990568579898
0.8771220695230396
0.8792778226893021
0.8760441929399084
0.8817030450013473
0.8579897601724602
0.8825114524386958
0.8725410940447319
0.8838587981676098
0.8884397736459175
0.8846672056049583
0.8838587981676098
0.8854756130423067
0.8798167609808677
0.8924818108326596
0.8852061438965239
0.8911344651037456
0.8914039342495285
0.8919428725410941
0.8900565885206144
0.8870924279170035
0.8935596874157908
0.8919428725410941
0.8927512799784425
0.8943680948531393
0.8868229587712207
0.9000269469145783
0.9000269469145783
0.9037995149555376
0.8938291565615737
0.9021827000808408
0.8981406628940987
0.9005658852061439
0.9054163298302345
0.9029911075181891
0.9024521692266235
0.9075720829964969
0.9073026138507141
0.9024521692266235
0.9075720829964969
0.9048773915386689
0.9054163298302345
0.9086499595796281
0.8986796011856643
0.9035300458097548
0.9132309350579358
0.9021827000808408
0.9075720829964969
0.9094583670169766
0.9083804904338453
0.9094583670169766
0.9083804904338453
0.9078415521422797
0.9132309350579358
0.9135004042037187
0.9148477499326327
0.9143088116410671
0.9129614659121531
0.9140393424952843
0.9170035030988952
0.9129614659121531
0.9078415521422797
0.9105362436001078
0.9113446510374562
0.9148477499326327
0.9191592562651576
0.9143088116410671
0.9180813796820264
0.9191592562651576
0.9151172190784155
0.9167340339531124
0.9191592562651576
0.9170035030988952
0.9183508488278093
0.917272972244678
0.9180813796820264
0.9213150094314201
0.9202371328482889
0.917272972244678
0.9178119105362436
0.9188897871193749
0.9213150094314201
0.9218539477229857
0.919967663702506
0.9202371328482889
0.9205066019940716
0.918620317973592
0.9210455402856373
0.9223928860145514
0.9218539477229857
0.9180813796820264
0.9188897871193749
0.9196981945567233
0.9226623551603341
0.919967663702506
0.9207760711398545
0.9183508488278093
0.9205066019940716
0.922931824306117
0.9218539477229857
0.9221234168687685
0.9213150094314201
0.9226623551603341
0.9226623551603341
0.9210455402856373
0.9221234168687685
0.9215844785772029
0.9213150094314201
0.9215844785772029
0.9221234168687685
0.9221234168687685
0.9218539477229857
0.9207760711398545
0.9213150094314201
0.9205066019940716
0.9226623551603341
0.9215844785772029
0.922931824306117
0.9237402317434654
0.9221234168687685
0.9210455402856373
0.9207760711398545
0.9213150094314201
0.9237402317434654
0.9202371328482889
0.9223928860145514
0.9215844785772029
0.9218539477229857
0.9207760711398545
0.9218539477229857
0.9223928860145514
0.922931824306117
0.9226623551603341
0.9213150094314201
0.9210455402856373
0.9237402317434654
0.9232012934518997
0.922931824306117
0.9215844785772029
0.9226623551603341
0.922931824306117
0.9226623551603341
0.9226623551603341
0.9232012934518997
0.9221234168687685
0.9232012934518997
0.9234707625976826
0.9218539477229857
0.9221234168687685
0.922931824306117
0.9226623551603341
0.9221234168687685
0.9223928860145514
0.9237402317434654
0.9232012934518997
0.9221234168687685
0.9221234168687685
0.9207760711398545
0.9223928860145514
0.9221234168687685
