0.5017515494475883
0.6839126919967664
0.7343034222581515
0.7210994341147938
0.7865804365400162
0.7677175963352196
0.799514955537591
0.8318512530315278
0.8100242522231205
0.8369711668014013
0.8334680679062247
0.8450552411748855
0.8477499326327136
0.8450552411748855
0.8515225006736729
0.8566424144435462
0.8399353274050121
0.8566424144435462
0.8620317973592023
0.8523309081110213
0.8531393155483697
0.8528698464025869
0.8574508218808946
0.8733495014820803
0.8674211802748585
0.8852061438965239
0.8838587981676098
0.8919428725410941
0.8895176502290488
0.8838587981676098
0.8827809215844786
0.8897871193748316
0.8903260576663972
0.8935596874157908
0.8895176502290488
0.8951765022904877
0.8881703045001348
0.8984101320398814
0.9056857989760172
0.9016437617892751
0.8965238480194018
0.9073026138507141
0.9021827000808408
0.9013742926434923
0.9091888978711937
0.9029911075181891
0.9129614659121531
0.8954459714362706
0.9175424413904608
0.8973322554567502
0.9105362436001078
0.9097278361627593
0.9151172190784155
0.9083804904338453
0.9180813796820264
0.9137698733495014
0.918620317973592
0.9113446510374562
0.9153866882241983
0.9175424413904608
0.9137698733495014
0.9135004042037187
0.9180813796820264
0.922931824306117
0.9196981945567233
0.919967663702506
0.9232012934518997
0.9183508488278093
0.9258959849097278
0.922931824306117
0.9232012934518997
0.9264349232012935
0.9202371328482889
0.918620317973592
0.9213150094314201
0.9237402317434654
0.9288601455133387
0.9258959849097278
0.9280517380759903
0.9291296146591216
0.9272433306386418
0.9285906763675559
0.9267043923470762
0.9261654540555107
0.9253570466181622
0.9299380220964699
0.9293990838049043
0.9261654540555107
0.9285906763675559
0.9285906763675559
0.9285906763675559
0.931285367825384
0.932632713554298
0.931285367825384
0.9323632444085153
0.9331716518458637
0.9302074912422528
0.9353274050121261
0.9291296146591216
0.9337105901374293
0.9307464295338184
0.9315548369711668
0.9331716518458637
0.933980059283212
0.9337105901374293
0.9334411209916464
0.933980059283212
0.9304769603880356
0.933980059283212
0.9353274050121261
0.932632713554298
0.9337105901374293
0.9342495284289949
0.9342495284289949
0.9342495284289949
0.933980059283212
0.9350579358663433
0.9331716518458637
0.9364052815952574
0.9361358124494745
0.9358663433036917
0.9334411209916464
0.933980059283212
0.9377526273241714
0.9364052815952574
0.9353274050121261
0.9377526273241714
0.9364052815952574
0.9374831581783886
0.9366747507410401
0.9355968741579089
0.9361358124494745
0.9358663433036917
0.9331716518458637
0.9358663433036917
0.9366747507410401
0.9358663433036917
0.9380220964699542
0.9390999730530855
0.936944219886823
0.9361358124494745
0.936944219886823
0.938291565615737
0.9374831581783886
0.9388305039073026
0.9372136890326057
0.936944219886823
0.9372136890326057
0.9372136890326057
0.9399083804904338
0.9366747507410401
0.9390999730530855
0.9377526273241714
0.938291565615737
0.9374831581783886
0.9380220964699542
0.9388305039073026
0.939638911344651
0.9401778496362166
0.9380220964699542
0.9366747507410401
0.9385610347615198
0.9374831581783886
0.938291565615737
0.9388305039073026
0.9390999730530855
0.9385610347615198
0.9401778496362166
0.939638911344651
0.939638911344651
0.9393694421988682
0.9393694421988682
0.9390999730530855
0.9390999730530855
0.9393694421988682
0.9388305039073026
0.9390999730530855
0.9390999730530855
0.9388305039073026
0.939638911344651
0.9390999730530855
0.9404473187819995
0.9401778496362166
0.9399083804904338
0.9399083804904338
0.939638911344651
0.939638911344651
0.9390999730530855
0.9399083804904338
0.9390999730530855
0.9393694421988682
0.9393694421988682
0.9404473187819995
0.939638911344651
0.9401778496362166
0.9401778496362166
0.9404473187819995
0.9401778496362166
0.9390999730530855
0.9390999730530855
