0.34114793856103476
0.5637294529776341
0.657774184855834
0.7259498787388844
0.7900835354351927
0.7887361897062787
0.8032875235785503
0.8186472648881703
0.8264618701158717
0.8445163028833199
0.6386418755052546
0.7803826461870116
0.8240366478038265
0.8418216114254918
0.8447857720291027
0.83589329021827
0.8439773645917542
0.8507140932363244
0.8614928590676367
0.8639180813796821
0.8496362166531932
0.8375101050929669
0.8393963891134465
0.8431689571544059
0.8364322285098357
0.8539477229857181
0.845863648612234
0.8641875505254648
0.8660738345459444
0.8590676367555915
0.8455941794664511
0.08380490433845325
0.7165184586364861
0.8032875235785503
0.8216114254917812
0.8447857720291027
0.8226893020749124
0.8431689571544059
0.8488278092158448
0.8531393155483697
0.862570735650768
0.8628402047965508
0.8585286984640259
0.8631096739423336
0.8509835623821073
0.8577202910266775
0.8663433036917273
0.8703853408784694
0.8717326866073835
0.8679601185664242
0.8757747237941256
0.8800862301266505
0.8658043654001617
0.8717326866073835
0.8755052546483427
0.8666127728375101
0.8609539207760711
0.8771220695230396
0.8841282673133927
0.8655348962543788
0.8841282673133927
0.8725410940447319
0.8776610078146052
0.8741579089194287
0.870924279170035
0.8693074642953382
0.8706548100242523
0.8676906494206413
0.8674211802748585
0.8596065750471571
0.8587981676098086
0.8684990568579898
0.8552950687146321
0.8679601185664242
0.8617623282134196
0.8585286984640259
0.8644570196712477
0.8561034761519806
0.838587981676098
0.8418216114254918
0.8291565615736998
0.8270008084074374
0.8243061169496093
0.8183777957423874
0.8059822150363783
0.7943950417677176
0.7906224737267583
0.7849636216653193
0.7779574238749664
0.76583131231474
0.7685260037725681
0.764483966585826
0.7655618431689571
0.7496631635677715
0.7483158178388575
0.7232551872810563
0.7235246564268392
0.7019671247642145
0.7116680140123955
0.7089733225545675
0.7224467798437079
0.7232551872810563
0.7246025330099704
0.7423874966316357
0.7437348423605498
0.7442737806521154
0.7526273241713823
0.7364591754244139
0.7399622743195904
0.7466990029641606
0.7534357316087308
0.7569388305039073
0.7585556453786042
0.7563998922123417
0.7617892751279979
0.753166262462948
0.7340339531123686
0.7469684721099434
0.7488547561304231
0.7413096200485044
0.7609808676906494
0.7612503368364322
0.7585556453786042
0.7491242252762059
0.7507410401509027
0.7604419293990838
0.7661007814605227
0.7620587442737806
0.7666397197520883
0.7655618431689571
0.7639450282942603
0.7674481271894368
0.7712206952303962
0.7687954729183508
0.7722985718135273
0.7779574238749664
0.7774184855834007
0.7774184855834007
0.775532201562921
0.7763406090002695
0.7749932632713554
0.7763406090002695
0.7803826461870116
0.778496362166532
0.7739153866882242
0.7844246833737537
0.7838857450821881
0.7828078684990568
0.7814605227701428
0.7865804365400162
0.7852330908111022
0.7838857450821881
0.7855025599568849
0.7868499056857989
0.7852330908111022
0.7830773376448397
0.7830773376448397
0.7760711398544866
0.7714901643761789
0.7666397197520883
0.76583131231474
0.7542441390460792
0.7526273241713823
0.7399622743195904
0.7286445701967125
0.7092427917003503
0.4920506601994072
0.4106709781729992
0.4898949070331447
0.49124225276205874
0.5254648342764754
0.4969011048234977
0.5136081918620318
0.5801670708703853
0.6168148746968473
0.6483427647534358
0.6453786041498248
0.6502290487739154
0.6518458636486122
0.652115332794395
0.6488817030450014
0.6585825922931824
0.6693613581244947
0.664780382646187
0.6637025060630558
0.6663971975208839
0.6715171112907572
0.6725949878738885
0.6723255187281056
0.6771759633521962
0.6723255187281056
0.6839126919967664
0.6849905685798976
0.6884936674750741
0.6895715440582053
0.6914578280786849
0.6990029641606036
0.6979250875774724
0.7000808407437349
