0.24778761061946902
0.38337157216213263
0.44662952037583303
0.5600349612149023
0.5827597509013438
0.5976182672347864
0.6037364798426745
0.6430678466076696
0.6425215776248224
0.6419753086419753
0.6461269529116137
0.6532284496886267
0.6801048836447067
0.6632797989730144
0.6697257729706108
0.6876433956079974
0.7028296733311482
0.6986780290615099
0.7214028187479515
0.7147383371572162
0.7321096908117557
0.6698350267671802
0.46181579809898393
0.5105429913689501
0.5586146618594996
0.584070796460177
0.5819949743253579
0.5910630394406206
0.6279908226810882
0.6463454605047525
0.6425215776248224
0.6597836774827925
0.6645908445318475
0.6820714519829564
0.6817436905932481
0.6861138424560254
0.6884081721839834
0.6722386102917076
0.6946356385884409
0.7005353436031903
0.6988965366546488
0.7061072872282311
0.704796241669398
0.7145198295640773
0.7068720638042172
0.7164863979023272
0.7128810226155359
0.7283950617283951
0.7277395389489785
0.7344040205397138
0.7381186496230744
0.7373538730470884
0.7350595433191304
0.734731781929422
0.7326559597946029
0.7374631268436578
0.7373538730470884
0.7386649186059215
0.737244619250519
0.7459849229760734
0.7493717906697258
0.751447612804545
0.7555992570741833
0.7522123893805309
0.7542882115153502
0.756801048836447
0.7618267234786409
0.7521031355839616
0.7634655304271823
0.7669616519174042
0.758549109581558
0.76007866273353
0.7636840380203213
0.7582213481918497
0.7682726974762373
0.7628100076477657
0.7640117994100295
0.7652135911722933
0.7598601551403912
0.7653228449688627
0.7649950835791544
0.7649950835791544
0.7658691139517099
0.7580028405987108
0.754506719108489
0.7588768709712662
0.7578935868021414
0.7547252267016279
0.752977165956517
0.7588768709712662
0.751447612804545
0.7522123893805309
0.7575658254124331
0.755271495684475
0.7542882115153502
0.7551622418879056
0.7586583633781274
0.7557085108707527
0.7558177646673222
0.7533049273462252
0.7540697039222113
0.7550529880913361
0.7531956735496559
0.754506719108489
0.7575658254124331
0.7571288102261554
0.7578935868021414
0.7554900032776138
0.7558177646673222
0.7548344804981973
0.7562547798535999
0.759313886157544
0.7586583633781274
0.762591500054627
0.7634655304271823
0.7590953785644051
0.7582213481918497
0.7620452310717798
0.7640117994100295
0.7657598601551404
0.7628100076477657
0.7635747842237518
0.762591500054627
0.765650606358571
0.7663061291379876
0.7644488145963072
0.7676171746968207
0.7657598601551404
0.7678356822899596
0.7666338905276958
0.7666338905276958
0.7669616519174042
0.7681634436796678
0.7686004588659456
0.7682726974762373
0.7672894133071124
0.7696929968316399
0.7688189664590844
0.7673986671036819
0.7670709057139735
0.7666338905276958
0.7683819512728067
0.7690374740522233
0.7686004588659456
0.7702392658144871
0.7695837430350705
0.7680541898830985
0.7734076259150006
0.7699115044247787
0.7704577734076259
0.7696929968316399
0.7708947885939036
0.7688189664590844
0.7700207582213482
0.7704577734076259
0.7672894133071124
0.771222549983612
0.7703485196110564
0.7723150879493063
0.7714410575767507
0.7711132961870425
0.771004042390473
0.7720965803561674
0.7713318037801814
0.7717688189664591
0.772533595542445
0.7704577734076259
0.7730798645252922
0.7723150879493063
0.7719873265595979
0.7703485196110564
0.771222549983612
0.7719873265595979
0.7716595651698896
0.7696929968316399
0.7703485196110564
0.7718780727630286
0.7705670272041953
0.771004042390473
0.772752103135584
0.7715503113733202
0.7729706107287229
0.7722058341527368
0.7720965803561674
0.7724243417458757
0.7724243417458757
0.7724243417458757
0.7731891183218617
0.772752103135584
0.772752103135584
0.7724243417458757
0.7708947885939036
0.771222549983612
0.7714410575767507
0.771004042390473
0.7708947885939036
0.7724243417458757
0.7732983721184311
0.7724243417458757
0.7732983721184311
