0.35462139585017516
0.5976825653462678
0.7421180274858529
0.7774184855834007
0.7569388305039073
0.7814605227701428
0.8105631905146861
0.812180005389383
0.6917272972244678
0.8030180544327674
0.8313123147399623
0.8380490433845325
0.8547561304230665
0.8542171921315009
0.8590676367555915
0.8321207221773107
0.85125303152789
0.8633791430881164
0.8504446240905417
0.8579897601724602
0.8628402047965508
0.8641875505254648
0.8660738345459444
0.8808946375639989
0.8617623282134196
0.8817030450013473
0.8876313662085691
0.8841282673133927
0.8790083535435192
0.8763136620856912
0.8668822419832929
0.8833198598760442
0.8760441929399084
0.8663433036917273
0.8679601185664242
0.8558340070061978
0.8361627593640528
0.8348154136351388
0.8100242522231205
0.7677175963352196
0.5227701428186473
0.6391808137968202
0.6486122338992185
0.7297224467798437
0.7917003503098895
0.8356238210724872
0.8523309081110213
0.8474804634869307
0.8623012665049852
0.8795472918350848
0.8701158717326866
0.83589329021827
0.7857720291026677
0.8167609808676907
0.8221503637833468
0.8393963891134465
0.862570735650768
0.8652654271085961
0.8698464025869038
0.862570735650768
0.8660738345459444
0.8464025869037995
0.8402047965507949
0.8388574508218809
0.8315817838857451
0.8531393155483697
0.8496362166531932
0.862570735650768
0.8647264888170304
0.861223389921854
0.85987604419294
0.8617623282134196
0.856911883589329
0.8620317973592023
0.8720021557531663
0.8690379951495554
0.8768526003772568
0.8744273780652115
0.8790083535435192
0.869576933441121
0.8596065750471571
0.8614928590676367
0.8617623282134196
0.8679601185664242
0.8703853408784694
0.8779304769603881
0.85987604419294
0.8663433036917273
0.8687685260037725
0.8693074642953382
0.869576933441121
0.8663433036917273
0.8668822419832929
0.8671517111290757
0.8720021557531663
0.8679601185664242
0.87523578550256
0.8714632174616006
0.8671517111290757
0.8649959579628133
0.8623012665049852
0.861223389921854
0.8614928590676367
0.8666127728375101
0.8706548100242523
0.85987604419294
0.862570735650768
0.8655348962543788
0.8655348962543788
0.8663433036917273
0.8693074642953382
0.8674211802748585
0.8768526003772568
0.8744273780652115
0.8760441929399084
0.8755052546483427
0.8790083535435192
0.8763136620856912
0.8776610078146052
0.8728105631905146
0.8771220695230396
0.8728105631905146
0.8733495014820803
0.8760441929399084
0.8755052546483427
0.8703853408784694
0.8706548100242523
0.8617623282134196
0.8690379951495554
0.8587981676098086
0.8679601185664242
0.8684990568579898
0.8776610078146052
0.8749663163567771
0.8757747237941256
0.8814335758555646
0.8795472918350848
0.8808946375639989
0.8852061438965239
0.8854756130423067
0.8852061438965239
0.8833198598760442
0.8841282673133927
0.8846672056049583
0.8833198598760442
0.8827809215844786
0.8811641067097817
0.8865534896254379
0.8852061438965239
0.8881703045001348
0.8884397736459175
0.8879008353543519
0.8897871193748316
0.8873618970627863
0.8884397736459175
0.889248181083266
0.889248181083266
0.8903260576663972
0.8879008353543519
0.8876313662085691
0.8887092427917004
0.8876313662085691
0.8887092427917004
0.8900565885206144
0.889248181083266
0.8860145513338723
0.8873618970627863
0.886284020479655
0.8860145513338723
0.8854756130423067
0.8876313662085691
0.884936674750741
0.884936674750741
0.8870924279170035
0.8865534896254379
0.8843977364591754
0.8870924279170035
0.886284020479655
0.8868229587712207
0.8879008353543519
0.8868229587712207
0.8876313662085691
0.8879008353543519
0.8870924279170035
0.8884397736459175
0.889248181083266
0.8889787119374831
0.8881703045001348
0.8865534896254379
0.8889787119374831
0.8881703045001348
0.8879008353543519
0.886284020479655
0.8870924279170035
0.8881703045001348
0.8879008353543519
0.8879008353543519
0.8881703045001348
0.8879008353543519
