0.4925895984909728
0.7016976556184317
0.7483158178388575
0.7361897062786311
0.8011317704122878
0.7679870654810024
0.7976286715171113
0.8302344381568311
0.8059822150363783
0.8323901913230936
0.8393963891134465
0.8418216114254918
0.8590676367555915
0.847210994341148
0.855564537860415
0.8666127728375101
0.8296954998652655
0.8574508218808946
0.8466720560495823
0.8596065750471571
0.8668822419832929
0.8631096739423336
0.8596065750471571
0.8749663163567771
0.8738884397736459
0.8763136620856912
0.8887092427917004
0.8967933171651846
0.8895176502290488
0.8852061438965239
0.8903260576663972
0.903260576663972
0.8908649959579629
0.8940986257073565
0.9118835893290218
0.8994880086230127
0.9019132309350579
0.9011048234977095
0.9081110212880625
0.9048773915386689
0.8884397736459175
0.9048773915386689
0.8943680948531393
0.8922123416868768
0.9108057127458906
0.9086499595796281
0.9140393424952843
0.904607922392886
0.9153866882241983
0.8922123416868768
0.9091888978711937
0.9073026138507141
0.917272972244678
0.9126919967663703
0.9215844785772029
0.9180813796820264
0.9218539477229857
0.9170035030988952
0.9180813796820264
0.9183508488278093
0.9175424413904608
0.9170035030988952
0.9205066019940716
0.9245486391808138
0.9151172190784155
0.9256265157639451
0.9285906763675559
0.9237402317434654
0.9272433306386418
0.9213150094314201
0.922931824306117
0.9272433306386418
0.9272433306386418
0.9261654540555107
0.9320937752627324
0.9307464295338184
0.9275127997844247
0.9288601455133387
0.9320937752627324
0.9323632444085153
0.9272433306386418
0.9318243061169497
0.9329021827000809
0.9296685529506872
0.9283212072217731
0.9302074912422528
0.9269738614928591
0.9345189975747777
0.9358663433036917
0.9345189975747777
0.9331716518458637
0.9342495284289949
0.9334411209916464
0.9350579358663433
0.936944219886823
0.9353274050121261
0.9337105901374293
0.9399083804904338
0.9380220964699542
0.9372136890326057
0.9342495284289949
0.9390999730530855
0.9366747507410401
0.938291565615737
0.938291565615737
0.9358663433036917
0.9399083804904338
0.9380220964699542
0.9417946645109135
0.939638911344651
0.9366747507410401
0.938291565615737
0.9399083804904338
0.9399083804904338
0.9385610347615198
0.9409862570735651
0.9388305039073026
0.9401778496362166
0.9399083804904338
0.939638911344651
0.939638911344651
0.9428725410940447
0.9399083804904338
0.9409862570735651
0.9412557262193478
0.9415251953651307
0.9401778496362166
0.9426030719482619
0.9401778496362166
0.9428725410940447
0.9415251953651307
0.9388305039073026
0.9401778496362166
0.9423336028024791
0.9420641336566963
0.9423336028024791
0.9393694421988682
0.9417946645109135
0.9420641336566963
0.9426030719482619
0.9420641336566963
0.9417946645109135
0.9431420102398276
0.9442198868229588
0.9428725410940447
0.9412557262193478
0.9431420102398276
0.9428725410940447
0.9442198868229588
0.9442198868229588
0.9436809485313932
0.9434114793856103
0.9420641336566963
0.9436809485313932
0.9434114793856103
0.9423336028024791
0.9436809485313932
0.9444893559687416
0.9439504176771759
0.9431420102398276
0.9426030719482619
0.9442198868229588
0.9426030719482619
0.9426030719482619
0.9431420102398276
0.9431420102398276
0.9423336028024791
0.9428725410940447
0.9431420102398276
0.9436809485313932
0.9436809485313932
0.9439504176771759
0.9428725410940447
0.9436809485313932
0.9426030719482619
0.9428725410940447
0.9431420102398276
0.9436809485313932
0.9444893559687416
0.9439504176771759
0.9428725410940447
0.9442198868229588
0.9434114793856103
0.9431420102398276
0.9434114793856103
0.9439504176771759
0.9428725410940447
0.9434114793856103
0.9442198868229588
0.9434114793856103
0.9436809485313932
0.9439504176771759
0.9450282942603072
0.9439504176771759
0.9439504176771759
0.9447588251145244
0.9444893559687416
0.9450282942603072
0.9442198868229588
0.9442198868229588
