0.46860684451630286
0.6868768526003772
0.7574777687954729
0.7262193478846672
0.8146052277014282
0.7836162759364053
0.8178388574508219
0.8340070061977903
0.7935866343303691
0.8229587712206953
0.8442468337375371
0.8326596604688763
0.8469415251953651
0.8461331177580167
0.8477499326327136
0.85987604419294
0.8305039073026138
0.8601455133387227
0.8690379951495554
0.8687685260037725
0.8633791430881164
0.8676906494206413
0.8501751549447588
0.8768526003772568
0.8760441929399084
0.8808946375639989
0.8900565885206144
0.8717326866073835
0.8860145513338723
0.8817030450013473
0.8978711937483158
0.8949070331447049
0.8978711937483158
0.8946375639989221
0.8986796011856643
0.8922123416868768
0.8973322554567502
0.8984101320398814
0.9129614659121531
0.9043384532471032
0.8938291565615737
0.9037995149555376
0.8992185394772299
0.898949070331447
0.9110751818916734
0.9059552681218
0.9156561573699812
0.9011048234977095
0.9137698733495014
0.8962543788736189
0.9094583670169766
0.9164645648073295
0.9202371328482889
0.9116141201832391
0.9232012934518997
0.9183508488278093
0.9250875774723795
0.9156561573699812
0.9210455402856373
0.919967663702506
0.9237402317434654
0.9196981945567233
0.9191592562651576
0.918620317973592
0.9234707625976826
0.9261654540555107
0.9285906763675559
0.9310158986796012
0.931285367825384
0.9277822689302075
0.9272433306386418
0.9318243061169497
0.9285906763675559
0.9280517380759903
0.9296685529506872
0.9310158986796012
0.933980059283212
0.9285906763675559
0.9364052815952574
0.9253570466181622
0.9345189975747777
0.9347884667205605
0.9353274050121261
0.9334411209916464
0.9337105901374293
0.9342495284289949
0.9291296146591216
0.9361358124494745
0.936944219886823
0.9361358124494745
0.9374831581783886
0.936944219886823
0.9283212072217731
0.9374831581783886
0.936944219886823
0.9399083804904338
0.9399083804904338
0.9412557262193478
0.9385610347615198
0.9412557262193478
0.9374831581783886
0.9415251953651307
0.939638911344651
0.9415251953651307
0.9423336028024791
0.9423336028024791
0.9399083804904338
0.9404473187819995
0.9407167879277822
0.9401778496362166
0.9420641336566963
0.9399083804904338
0.94529776340609
0.9439504176771759
0.9409862570735651
0.9399083804904338
0.9423336028024791
0.9393694421988682
0.9420641336566963
0.9442198868229588
0.9423336028024791
0.9420641336566963
0.9417946645109135
0.9423336028024791
0.9426030719482619
0.9428725410940447
0.9444893559687416
0.9439504176771759
0.9455672325518728
0.9450282942603072
0.9434114793856103
0.9444893559687416
0.9404473187819995
0.9420641336566963
0.9420641336566963
0.9442198868229588
0.9423336028024791
0.9428725410940447
0.9444893559687416
0.9434114793856103
0.9436809485313932
0.9431420102398276
0.9442198868229588
0.9436809485313932
0.9450282942603072
0.9455672325518728
0.9444893559687416
0.9444893559687416
0.94529776340609
0.9447588251145244
0.9434114793856103
0.9447588251145244
0.9450282942603072
0.9442198868229588
0.9426030719482619
0.9444893559687416
0.9455672325518728
0.9436809485313932
0.94529776340609
0.9455672325518728
0.94529776340609
0.9436809485313932
0.9458367016976557
0.9439504176771759
0.9455672325518728
0.94529776340609
0.9450282942603072
0.9450282942603072
0.9450282942603072
0.9461061708434384
0.9444893559687416
0.9450282942603072
0.9444893559687416
0.9442198868229588
0.9458367016976557
0.9447588251145244
0.9461061708434384
0.9463756399892213
0.94529776340609
0.9461061708434384
0.9450282942603072
0.9450282942603072
0.9458367016976557
0.9444893559687416
0.9450282942603072
0.9458367016976557
0.9447588251145244
0.9458367016976557
0.9455672325518728
0.9461061708434384
0.9455672325518728
0.9450282942603072
0.946645109135004
0.9455672325518728
0.9458367016976557
0.94529776340609
0.9458367016976557
0.9458367016976557
0.946645109135004
0.9461061708434384
