0.37456211263810296
0.5408245755860954
0.664780382646187
0.7030450013473457
0.7343034222581515
0.7520883858798167
0.8035569927243331
0.798167609808677
0.7900835354351927
0.7604419293990838
0.813527351118297
0.8270008084074374
0.827539746699003
0.8539477229857181
0.8477499326327136
0.8307733764483967
0.8649959579628133
0.8725410940447319
0.8720021557531663
0.8887092427917004
0.8951765022904877
0.8679601185664242
0.8884397736459175
0.898949070331447
0.8763136620856912
0.8852061438965239
0.9037995149555376
0.9124225276205874
0.9188897871193749
0.9013742926434923
0.9202371328482889
0.9191592562651576
0.9232012934518997
0.9161950956615468
0.9202371328482889
0.9196981945567233
0.9264349232012935
0.9183508488278093
0.924279170035031
0.9261654540555107
0.9267043923470762
0.9288601455133387
0.9318243061169497
0.9250875774723795
0.9261654540555107
0.9256265157639451
0.9156561573699812
0.9264349232012935
0.9364052815952574
0.9355968741579089
0.9293990838049043
0.9374831581783886
0.9329021827000809
0.9374831581783886
0.9372136890326057
0.9337105901374293
0.9393694421988682
0.9390999730530855
0.9415251953651307
0.9407167879277822
0.9377526273241714
0.9436809485313932
0.9393694421988682
0.9415251953651307
0.9388305039073026
0.9450282942603072
0.9377526273241714
0.9455672325518728
0.9444893559687416
0.9439504176771759
0.9458367016976557
0.9455672325518728
0.9469145782807868
0.9463756399892213
0.9477229857181353
0.9474535165723524
0.9488008623012665
0.9525734303422259
0.9488008623012665
0.947992454863918
0.9444893559687416
0.9482619240097009
0.9447588251145244
0.9485313931554837
0.9506871463217461
0.9469145782807868
0.9493398005928321
0.9474535165723524
0.9517650229048774
0.9488008623012665
0.9474535165723524
0.9501482080301805
0.9525734303422259
0.9517650229048774
0.9477229857181353
0.950956615467529
0.9531123686337915
0.953651306925357
0.9541902452169226
0.9517650229048774
0.9547291835084882
0.9528428994880086
0.9547291835084882
0.9541902452169226
0.9555375909458367
0.9544597143627055
0.9541902452169226
0.9528428994880086
0.9555375909458367
0.9539207760711399
0.9568849366747507
0.9571544058205336
0.9552681218000539
0.9574238749663163
0.9539207760711399
0.9563459983831851
0.9571544058205336
0.9549986526542711
0.9549986526542711
0.9576933441120992
0.9549986526542711
0.9555375909458367
0.9571544058205336
0.9568849366747507
0.9574238749663163
0.9571544058205336
0.9585017515494476
0.9582322824036648
0.9555375909458367
0.9587712206952304
0.9582322824036648
0.9590406898410132
0.9582322824036648
0.9590406898410132
0.9582322824036648
0.9582322824036648
0.9593101589867961
0.9611964430072757
0.9598490972783617
0.9587712206952304
0.9601185664241444
0.9582322824036648
0.9582322824036648
0.957962813257882
0.9593101589867961
0.9587712206952304
0.9598490972783617
0.9587712206952304
0.9590406898410132
0.9598490972783617
0.9598490972783617
0.9582322824036648
0.9598490972783617
0.9598490972783617
0.9582322824036648
0.9590406898410132
0.9603880355699272
0.9587712206952304
0.9601185664241444
0.9601185664241444
0.9603880355699272
0.9609269738614928
0.9603880355699272
0.9622743195904069
0.9614659121530584
0.9595796281325788
0.9603880355699272
0.9601185664241444
0.9601185664241444
0.9606575047157101
0.9601185664241444
0.9603880355699272
0.9611964430072757
0.9606575047157101
0.9595796281325788
0.9601185664241444
0.9595796281325788
0.9609269738614928
0.9601185664241444
0.9603880355699272
0.9606575047157101
0.9601185664241444
0.9606575047157101
0.9603880355699272
0.9601185664241444
0.9606575047157101
0.9601185664241444
0.9606575047157101
0.9601185664241444
0.9598490972783617
0.9601185664241444
0.9603880355699272
0.9609269738614928
0.9611964430072757
0.9606575047157101
0.9603880355699272
0.9601185664241444
0.9601185664241444
0.9606575047157101
0.9603880355699272
